1 2174279
2 235498
3 265136
4 322505
5 360351
6 371478
7 363409
8 337931
9 300349
10 255432
11 212541
12 173339
13 136675
14 106390
15 80120
16 61352
17 46144
18 35420
19 26266
20 19514
21 14688
22 10605
23 7580
24 5374
25 3839
26 3174
27 2152
28 1762
29 1409
30 1184
31 975
32 723
33 661
34 658
35 543
36 442
37 411
38 365
39 276
40 253
41 228
42 162
43 162
44 123
45 115
46 111
47 110
48 108
49 133
50 123
51 134
52 112
53 89
54 92
55 121
56 107
57 147
58 129
59 152
60 160
61 128
62 107
63 128
64 121
65 122
66 146
67 116
68 111
69 124
70 119
71 127
72 124
73 104
74 86
75 97
76 98
77 92
78 101
79 114
80 84
81 97
82 113
83 101
84 112
85 71
86 62
87 74
88 54
89 42
90 66
91 46
92 65
93 37
94 70
95 55
96 40
97 54
98 58
99 58
100 57
101 52
102 38
103 34
104 28
105 24
106 29
107 38
108 36
109 42
110 29
111 28
112 21
113 24
114 21
115 18
116 34
117 19
118 18
119 18
120 22
121 31
122 19
123 17
124 12
125 23
126 15
127 13
128 12
129 14
130 11
131 14
132 12
133 16
134 17
135 12
136 7
137 7
138 16
139 19
140 15
141 13
142 8
143 9
144 12
145 10
146 13
147 12
148 16
149 14
150 8
151 14
152 8
153 8
154 10
155 21
156 13
157 23
158 16
159 16
160 11
161 11
162 13
163 10
164 11
165 9
166 5
167 13
168 10
169 8
170 9
171 9
172 20
173 21
174 11
175 10
176 10
177 7
178 21
179 18
180 21
181 8
182 8
183 8
184 8
185 9
186 16
187 12
188 10
189 18
190 5
191 9
192 15
193 7
194 11
195 18
196 13
197 11
198 10
199 16
200 9
201 10
202 14
203 12
204 20
205 7
206 13
207 9
208 14
209 14
210 19
211 15
212 8
213 13
214 14
215 8
216 20
217 11
218 10
219 5
220 7
221 6
222 9
223 4
224 14
225 15
226 13
227 17
228 6
229 13
230 5
231 15
232 15
233 9
234 12
235 10
236 11
237 8
238 4
239 7
240 7
241 14
242 15
243 14
244 4
245 12
246 5
247 9
248 8
249 7
250 1
251 5
252 5
253 9
254 8
255 7
256 5
257 10
258 7
259 9
260 7
261 5
262 5
263 6
264 6
265 5
266 8
267 3
268 4
269 6
270 5
271 12
272 3
273 7
274 9
275 6
276 10
277 4
278 7
279 1
280 2
281 2
282 5
283 1
284 9
285 3
286 1
287 1
288 2
289 2
290 1
291 1
294 2
295 1
296 2
297 4
301 1
302 1
303 6
304 1
306 1
307 3
317 1
325 1
327 5
328 5
329 2
330 1
332 1
333 1
334 1
336 3
338 3
340 1
341 2
342 1
344 2
346 3
348 3
1859 1
