1 2611012
2 146941
3 74735
4 96076
5 124434
6 154872
7 186411
8 215149
9 240017
10 256959
11 264355
12 264655
13 262212
14 247923
15 229496
16 209273
17 186203
18 158156
19 136665
20 115576
21 95152
22 78008
23 63791
24 50879
25 39172
26 31355
27 24279
28 19253
29 15458
30 11347
31 8770
32 6615
33 5001
34 3732
35 2837
36 2396
37 1855
38 1587
39 1234
40 859
41 714
42 572
43 562
44 503
45 431
46 360
47 328
48 260
49 232
50 217
51 250
52 197
53 157
54 172
55 217
56 179
57 150
58 167
59 149
60 143
61 134
62 144
63 143
64 172
65 135
66 147
67 122
68 158
69 142
70 138
71 141
72 151
73 128
74 119
75 117
76 132
77 122
78 117
79 121
80 121
81 169
82 158
83 175
84 214
85 224
86 205
87 201
88 171
89 173
90 216
91 199
92 218
93 236
94 215
95 236
96 241
97 208
98 248
99 224
100 244
101 197
102 189
103 199
104 235
105 209
106 233
107 230
108 273
109 299
110 247
111 277
112 230
113 252
114 242
115 271
116 223
117 246
118 189
119 221
120 203
121 186
122 189
123 177
124 219
125 205
126 219
127 228
128 245
129 220
130 185
131 185
132 166
133 220
134 196
135 185
136 156
137 174
138 161
139 121
140 138
141 108
142 116
143 120
144 104
145 110
146 101
147 102
148 73
149 87
150 86
151 71
152 87
153 52
154 84
155 70
156 65
157 64
158 72
159 66
160 75
161 57
162 72
163 81
164 65
165 67
166 84
167 80
168 76
169 57
170 83
171 74
172 54
173 52
174 57
175 37
176 46
177 41
178 44
179 45
180 61
181 52
182 40
183 68
184 60
185 44
186 64
187 47
188 30
189 33
190 26
191 28
192 34
193 37
194 38
195 58
196 48
197 27
198 32
199 45
200 45
201 47
202 50
203 48
204 30
205 24
206 26
207 33
208 27
209 15
210 22
211 25
212 18
213 15
214 18
215 17
216 22
217 9
218 9
219 12
220 7
221 8
222 10
223 5
224 2
225 6
226 6
227 1
228 1
229 1
231 2
232 1
233 2
234 4
235 10
236 5
237 3
238 4
239 2
240 4
241 1
242 1
244 2
245 3
246 2
248 1
249 1
252 1
253 1
254 2
256 1
257 1
258 2
263 2
267 1
268 2
270 3
272 3
273 2
276 3
277 4
278 1
279 3
280 4
281 5
284 2
285 2
288 2
289 2
290 2
291 2
292 1
365 1
366 1
368 2
369 1
371 1
372 1
377 2
378 1
379 1
381 1
385 1
389 1
2444 1
