1 6962153
2 183275
3 17848
4 16335
5 17422
6 21550
7 28260
8 34196
9 41607
10 54129
11 65448
12 79620
13 95209
14 109604
15 125797
16 138508
17 150868
18 160782
19 169204
20 172749
21 174871
22 175296
23 172120
24 169531
25 163888
26 157502
27 148109
28 137918
29 128314
30 117539
31 106699
32 96754
33 86352
34 76316
35 66683
36 58247
37 50224
38 42860
39 36106
40 31186
41 26424
42 22786
43 19150
44 15788
45 13514
46 10937
47 9043
48 7570
49 6231
50 5373
51 4462
52 3570
53 2988
54 2432
55 2008
56 1692
57 1511
58 1230
59 1029
60 948
61 809
62 794
63 740
64 635
65 633
66 511
67 512
68 412
69 404
70 310
71 338
72 346
73 260
74 236
75 223
76 209
77 225
78 225
79 228
80 197
81 152
82 138
83 136
84 120
85 89
86 110
87 120
88 129
89 129
90 102
91 105
92 75
93 75
94 58
95 52
96 46
97 29
98 41
99 36
100 45
101 53
102 38
103 43
104 44
105 39
106 47
107 32
108 36
109 34
110 15
111 29
112 44
113 37
114 38
115 38
116 31
117 20
118 34
119 25
120 19
121 18
122 21
123 18
124 10
125 11
126 25
127 22
128 29
129 23
130 38
131 45
132 30
133 36
134 35
135 28
136 32
137 24
138 27
139 39
140 23
141 19
142 30
143 28
144 36
145 35
146 43
147 29
148 26
149 25
150 21
151 12
152 23
153 20
154 35
155 23
156 40
157 35
158 29
159 25
160 37
161 33
162 44
163 48
164 38
165 34
166 41
167 40
168 57
169 42
170 53
171 49
172 53
173 54
174 52
175 48
176 50
177 71
178 60
179 85
180 54
181 55
182 52
183 75
184 69
185 62
186 70
187 75
188 68
189 53
190 67
191 68
192 59
193 73
194 71
195 69
196 58
197 71
198 65
199 66
200 81
201 61
202 62
203 72
204 66
205 63
206 53
207 50
208 55
209 52
210 55
211 78
212 60
213 63
214 80
215 66
216 59
217 59
218 51
219 57
220 58
221 53
222 50
223 56
224 53
225 44
226 27
227 38
228 50
229 37
230 29
231 37
232 30
233 27
234 26
235 30
236 37
237 31
238 29
239 31
240 30
241 23
242 28
243 24
244 19
245 21
246 33
247 25
248 21
249 28
250 28
251 23
252 23
253 19
254 12
255 14
256 25
257 13
258 16
259 14
260 17
261 19
262 16
263 21
264 18
265 14
266 18
267 19
268 13
269 11
270 16
271 10
272 11
273 11
274 18
275 13
276 18
277 9
278 17
279 7
280 7
281 4
282 6
283 8
284 10
285 13
286 12
287 7
288 10
289 12
290 11
291 3
292 8
293 2
294 3
295 2
296 2
297 5
298 2
299 3
300 6
301 5
302 8
303 4
304 2
306 4
307 3
308 3
309 1
311 3
312 4
313 3
314 2
315 2
317 2
318 2
319 1
320 1
321 1
325 2
326 3
327 1
328 1
331 1
333 1
334 3
335 6
336 2
337 6
338 2
339 3
340 4
341 2
343 2
344 2
345 1
346 4
347 4
348 8
349 2
350 4
351 7
352 4
353 4
354 6
355 2
356 7
357 1
358 1
359 1
360 1
361 3
362 1
363 2
364 2
365 4
366 3
367 3
368 2
369 4
370 2
371 9
372 4
373 6
374 5
375 4
376 4
377 8
378 8
379 5
380 7
381 5
382 6
383 9
384 2
385 7
386 6
387 2
388 1
389 5
390 6
391 3
392 5
393 7
394 7
395 6
396 5
397 2
398 1
399 5
400 4
401 7
402 2
403 2
404 3
405 2
406 1
407 6
408 1
409 2
410 4
411 9
412 5
413 8
414 5
415 9
416 7
417 4
418 4
419 6
420 3
421 1
422 3
423 5
424 7
425 8
426 16
427 4
428 6
429 4
430 5
431 8
432 8
433 8
434 4
435 5
436 4
437 4
438 4
439 4
440 2
441 2
443 4
444 2
445 2
446 2
447 4
448 3
449 1
450 4
451 4
452 7
453 6
454 3
455 2
456 6
457 6
458 3
459 3
460 5
461 4
462 4
463 5
464 5
465 3
466 5
467 3
468 7
469 3
470 4
471 5
472 7
473 7
474 2
475 5
476 2
477 4
478 4
479 5
480 5
481 5
482 5
483 4
484 5
485 7
486 8
487 7
488 2
489 5
490 10
491 6
492 9
493 5
494 4
495 7
496 5
497 6
498 3
499 5
500 3
501 4
502 3
503 6
504 2
505 6
506 7
507 2
508 3
509 2
510 4
511 6
512 5
513 7
514 2
515 6
516 3
517 3
518 1
519 5
520 8
521 3
522 2
523 4
524 4
525 3
526 7
527 7
528 5
529 8
530 6
531 4
532 5
533 7
534 4
535 6
536 2
537 3
538 2
539 5
540 4
541 1
542 7
543 4
544 5
545 7
546 3
547 11
548 9
549 13
550 6
551 8
552 7
553 7
554 2
555 4
556 8
557 3
558 7
559 4
560 8
561 5
562 7
563 4
564 5
565 3
566 4
567 4
568 5
569 8
570 5
571 6
572 8
573 13
574 12
575 7
576 13
577 6
578 4
579 6
580 3
581 7
582 1
583 6
584 12
585 13
586 4
587 5
588 11
589 4
590 7
591 6
592 6
593 2
594 4
595 10
596 7
597 4
598 7
599 6
600 3
601 8
602 2
603 4
604 3
605 3
606 7
607 2
608 9
609 5
610 1
611 7
612 2
613 6
614 9
615 2
616 10
617 6
618 6
619 5
620 1
621 8
622 3
623 4
624 1
625 3
626 3
627 3
628 4
630 3
631 1
632 5
633 3
635 4
636 1
637 2
638 4
639 1
640 4
641 7
642 1
643 3
644 6
645 6
646 2
647 2
648 2
649 2
650 3
651 5
652 6
653 2
656 2
658 2
659 5
660 6
661 5
662 5
663 10
664 7
665 1
666 5
667 1
669 2
670 2
671 4
672 4
674 3
675 5
676 1
678 2
679 2
680 2
681 1
682 2
685 1
686 1
687 1
688 1
689 1
691 1
692 1
694 2
696 1
697 1
702 3
705 1
3861 1
