1 6444398
2 1135304
3 129547
4 42856
5 14956
6 10345
7 10132
8 10634
9 11764
10 14436
11 16496
12 17794
13 20871
14 22371
15 25737
16 28750
17 33085
18 37879
19 43051
20 49093
21 54971
22 61408
23 67824
24 74447
25 81300
26 87349
27 92254
28 99307
29 105035
30 109523
31 112355
32 115361
33 117374
34 120244
35 119133
36 118529
37 117657
38 116271
39 113620
40 109640
41 108196
42 103422
43 98602
44 94880
45 90535
46 84898
47 79539
48 73838
49 70263
50 65382
51 60466
52 55848
53 51171
54 46944
55 42803
56 38781
57 35261
58 32316
59 29063
60 26286
61 23527
62 21374
63 18920
64 17231
65 14828
66 13525
67 12164
68 10671
69 9507
70 7959
71 7023
72 6227
73 5577
74 4733
75 4215
76 3766
77 3250
78 2994
79 2454
80 2223
81 1921
82 1855
83 1534
84 1458
85 1248
86 1216
87 1115
88 953
89 882
90 788
91 728
92 659
93 653
94 566
95 543
96 559
97 505
98 523
99 499
100 455
101 433
102 429
103 385
104 373
105 350
106 352
107 321
108 323
109 321
110 305
111 313
112 292
113 245
114 221
115 219
116 249
117 202
118 194
119 158
120 140
121 163
122 134
123 125
124 109
125 106
126 116
127 84
128 102
129 87
130 88
131 90
132 86
133 116
134 77
135 82
136 91
137 95
138 81
139 90
140 68
141 37
142 56
143 39
144 53
145 41
146 42
147 45
148 42
149 50
150 39
151 38
152 48
153 45
154 47
155 40
156 31
157 33
158 34
159 49
160 35
161 43
162 45
163 50
164 31
165 18
166 26
167 11
168 21
169 13
170 17
171 19
172 20
173 31
174 24
175 23
176 25
177 13
178 22
179 18
180 17
181 23
182 21
183 25
184 14
185 16
186 17
187 33
188 30
189 24
190 31
191 31
192 30
193 24
194 23
195 32
196 22
197 30
198 27
199 25
200 25
201 23
202 21
203 30
204 31
205 34
206 36
207 33
208 27
209 24
210 21
211 24
212 11
213 17
214 31
215 25
216 17
217 14
218 5
219 10
220 9
221 6
222 11
223 11
224 18
225 14
226 19
227 12
228 16
229 20
230 14
231 16
232 10
233 15
234 22
235 15
236 25
237 18
238 22
239 23
240 27
241 35
242 26
243 26
244 26
245 25
246 28
247 17
248 19
249 19
250 22
251 19
252 17
253 20
254 16
255 22
256 17
257 19
258 20
259 24
260 30
261 27
262 32
263 30
264 13
265 24
266 15
267 19
268 24
269 15
270 18
271 18
272 16
273 16
274 23
275 23
276 22
277 27
278 27
279 32
280 38
281 31
282 30
283 39
284 41
285 40
286 51
287 38
288 33
289 38
290 40
291 40
292 31
293 36
294 30
295 32
296 31
297 48
298 52
299 44
300 45
301 40
302 17
303 48
304 44
305 50
306 33
307 43
308 41
309 41
310 38
311 46
312 50
313 49
314 56
315 60
316 45
317 50
318 43
319 42
320 39
321 47
322 40
323 47
324 71
325 63
326 53
327 40
328 63
329 46
330 58
331 42
332 55
333 38
334 55
335 41
336 40
337 48
338 46
339 46
340 43
341 48
342 41
343 35
344 31
345 41
346 28
347 37
348 41
349 52
350 35
351 37
352 46
353 43
354 38
355 41
356 40
357 36
358 32
359 32
360 30
361 37
362 50
363 41
364 31
365 29
366 33
367 23
368 35
369 26
370 31
371 39
372 30
373 34
374 31
375 24
376 30
377 20
378 21
379 16
380 20
381 16
382 26
383 29
384 37
385 37
386 22
387 20
388 19
389 17
390 25
391 26
392 20
393 18
394 15
395 22
396 26
397 25
398 26
399 21
400 18
401 24
402 14
403 20
404 21
405 21
406 16
407 27
408 15
409 17
410 15
411 8
412 20
413 13
414 9
415 13
416 13
417 16
418 17
419 9
420 10
421 12
422 5
423 14
424 17
425 6
426 11
427 11
428 11
429 2
430 13
431 3
432 15
433 7
434 10
435 4
436 5
437 11
438 7
439 6
440 9
441 8
442 7
443 10
444 10
445 11
446 8
447 10
448 7
449 10
450 3
451 7
452 4
453 6
454 2
455 2
456 1
457 5
459 2
460 3
461 5
462 2
463 3
464 1
465 3
466 3
467 5
468 1
469 3
470 1
471 6
472 4
473 4
474 3
475 5
476 3
477 4
478 2
479 5
480 6
481 3
482 4
483 2
484 4
485 4
486 1
487 3
488 5
489 4
490 2
491 3
492 5
493 2
494 5
495 10
496 4
497 6
498 10
499 1
500 5
501 3
502 3
503 3
504 5
505 10
506 2
507 5
508 6
509 2
510 3
511 2
512 2
513 6
514 7
515 7
516 5
517 6
518 5
519 7
520 5
521 5
522 4
523 4
524 2
525 2
526 2
527 6
528 3
529 5
530 4
531 3
532 2
533 2
534 2
535 3
536 3
537 3
538 5
539 2
540 1
541 3
542 2
543 1
544 6
546 3
547 1
548 1
549 6
550 5
551 6
552 4
553 2
554 6
555 2
556 3
557 2
558 1
559 1
560 1
561 4
562 5
563 4
564 2
565 7
566 3
567 4
568 5
569 2
570 4
571 3
572 3
573 4
574 2
575 1
576 3
577 5
578 6
579 2
580 4
581 4
582 4
583 4
584 2
585 8
586 4
587 3
588 1
590 3
591 2
592 2
593 4
594 2
595 4
596 2
597 1
598 3
599 1
600 1
601 1
602 1
603 1
604 1
606 4
607 1
608 3
609 1
610 3
611 1
612 1
614 2
616 3
617 1
618 2
619 2
620 5
621 1
622 2
623 4
624 2
625 2
627 4
628 2
629 1
630 1
631 1
633 4
634 1
637 1
639 4
640 5
641 2
643 3
645 5
646 9
647 2
648 3
649 5
650 2
651 3
652 2
653 1
654 2
655 1
656 1
657 2
658 2
659 3
660 1
662 2
663 3
664 4
665 3
666 5
667 2
668 3
669 4
670 2
671 3
672 1
673 2
674 3
675 2
676 1
678 2
679 2
680 7
681 1
682 3
683 2
684 2
685 2
686 3
688 2
690 1
693 1
694 1
696 1
698 3
699 3
701 1
703 2
705 3
706 3
707 1
708 1
709 2
710 2
711 2
712 2
713 3
715 1
716 2
717 1
718 2
719 2
720 4
721 2
722 4
723 1
725 3
726 2
727 1
728 1
729 1
730 4
732 1
733 1
735 4
737 2
739 3
740 1
741 2
742 2
743 3
744 1
746 1
749 2
751 1
760 1
761 2
762 3
763 1
766 1
768 1
773 1
774 1
775 2
776 2
781 3
782 1
783 2
784 4
786 1
788 1
790 1
791 1
792 1
793 1
797 1
798 1
800 2
801 2
803 3
804 1
805 1
806 1
807 4
808 1
812 1
813 1
814 2
815 2
816 1
817 1
819 2
820 1
822 1
823 1
824 1
825 2
826 1
827 3
828 3
829 4
830 1
831 2
832 2
833 5
834 3
835 4
836 4
838 2
840 1
841 8
845 1
846 2
847 1
848 1
850 2
851 1
852 3
854 2
855 1
856 4
857 1
858 1
860 1
866 1
870 1
872 1
874 1
876 2
879 4
880 1
881 2
882 4
883 1
884 1
885 1
886 1
887 1
888 2
889 1
890 1
891 2
892 1
894 1
895 1
896 1
898 1
899 2
901 1
902 2
906 1
908 1
909 1
910 2
911 2
913 1
914 2
915 1
916 1
917 1
919 4
920 1
922 1
925 2
926 1
927 1
928 1
929 1
930 2
931 3
932 3
935 1
937 1
938 1
940 4
941 1
942 2
943 2
944 5
945 1
946 1
948 3
950 2
951 3
952 1
953 1
954 2
955 2
958 5
959 1
960 3
961 5
962 5
963 2
964 1
966 4
967 2
968 1
969 1
970 1
971 1
972 2
973 5
974 3
975 1
976 4
977 2
978 1
979 1
980 1
981 3
982 5
983 2
984 2
985 3
986 2
987 1
988 3
989 4
990 3
991 1
992 3
993 1
994 1
995 5
996 3
997 2
998 3
999 2
1000 2
1001 4
1003 4
1004 1
1005 2
1007 2
1008 2
1009 2
1010 1
1011 2
1013 4
1014 3
1015 3
1017 2
1018 3
1020 3
1021 3
1022 1
1023 1
1024 3
1025 2
1026 7
1027 4
1028 4
1029 4
1030 1
1031 3
1032 4
1033 3
1034 3
1035 3
1036 1
1037 2
1038 3
1039 4
1040 3
1041 3
1042 4
1043 2
1044 5
1045 4
1046 1
1047 3
1048 1
1049 2
1050 2
1051 1
1052 1
1053 1
1054 1
1056 3
1058 4
1059 3
1060 2
1061 1
1062 4
1063 4
1065 2
1066 1
1068 1
1069 3
1070 2
1071 2
1072 1
1073 1
1074 6
1075 1
1076 2
1077 4
1078 1
1079 2
1080 2
1081 4
1082 4
1083 2
1084 3
1085 1
1086 1
1087 3
1088 5
1089 10
1090 2
1091 1
1092 2
1093 3
1094 2
1095 10
1096 1
1097 2
1098 5
1099 5
1100 2
1101 5
1103 5
1104 2
1105 5
1106 2
1107 1
1108 2
1109 2
1110 1
1111 3
1112 4
1113 4
1114 2
1115 2
1116 4
1117 7
1118 5
1119 2
1120 4
1121 1
1122 2
1123 1
1124 4
1125 4
1126 4
1127 2
1128 2
1129 2
1130 1
1131 4
1132 1
1133 1
1134 1
1136 2
1137 2
1138 1
1139 1
1140 1
1142 4
1143 3
1144 2
1145 2
1146 3
1147 2
1148 1
1149 6
1150 3
1151 2
1152 2
1153 3
1154 1
1155 6
1156 7
1157 4
1158 2
1159 5
1160 2
1161 6
1162 10
1163 4
1164 6
1165 5
1166 3
1167 6
1168 2
1169 3
1170 3
1171 2
1172 4
1173 5
1174 2
1175 7
1176 3
1177 3
1178 2
1179 1
1180 3
1181 1
1182 5
1183 7
1184 1
1185 3
1186 4
1187 1
1188 2
1189 5
1190 2
1191 4
1193 3
1194 1
1195 3
1196 2
1197 1
1198 1
1199 2
1200 4
1201 3
1202 1
1203 4
1204 4
1205 1
1206 3
1207 2
1208 5
1209 2
1210 3
1211 1
1212 3
1213 3
1214 1
1215 2
1216 5
1217 6
1218 3
1219 3
1220 2
1221 4
1222 3
1223 2
1224 2
1225 2
1226 2
1228 3
1229 2
1231 4
1232 3
1233 4
1235 5
1236 2
1237 3
1238 1
1239 2
1240 4
1241 2
1242 3
1243 2
1244 1
1245 1
1246 1
1247 1
1251 1
1253 1
1254 2
1255 1
1256 3
1258 4
1259 1
1260 1
1261 2
1262 3
1263 1
1265 1
1266 1
1267 1
1268 1
1269 2
1271 2
1273 1
1274 1
1275 1
1276 2
1277 1
1278 1
1281 3
1283 1
1287 3
1290 1
1291 1
1292 1
1295 1
1296 1
1297 3
1298 1
1299 1
1300 1
1301 3
1304 1
1305 1
1308 1
1309 2
1310 1
1313 2
1316 2
1317 1
1318 1
1319 1
1322 1
1324 1
1325 1
1327 2
1328 1
1329 1
1330 1
1334 1
1335 2
1336 2
1339 1
1340 1
1341 2
1342 1
1344 1
1346 1
1348 1
1349 3
1350 2
1351 1
1352 1
1353 1
1354 4
1355 3
1357 1
1358 1
1360 2
1361 2
1363 3
1366 1
1372 1
1380 1
1384 2
1385 1
1386 2
1389 1
1390 1
1391 2
1392 3
1393 1
1395 1
1396 1
1397 1
1398 1
1402 1
1404 2
1406 2
1410 3
1411 2
1412 2
1413 1
1415 1
1418 1
1419 1
1421 2
1422 1
1424 2
1428 2
1434 1
1441 1
1442 1
1443 1
1444 1
1445 1
1447 1
1471 1
3977 1
