1 1749040
2 792632
3 535609
4 341989
5 206885
6 118722
7 70093
8 42203
9 23917
10 15547
11 9754
12 6268
13 3998
14 2905
15 2046
16 1399
17 1023
18 751
19 621
20 501
21 415
22 336
23 356
24 347
25 351
26 230
27 223
28 214
29 182
30 135
31 127
32 140
33 96
34 99
35 85
36 91
37 84
38 64
39 69
40 45
41 76
42 58
43 58
44 39
45 41
46 40
47 34
48 40
49 39
50 20
51 42
52 51
53 36
54 46
55 49
56 30
57 48
58 36
59 37
60 57
61 41
62 23
63 22
64 33
65 41
66 31
67 29
68 19
69 17
70 31
71 23
72 20
73 14
74 24
75 18
76 12
77 7
78 11
79 14
80 20
81 12
82 13
83 10
84 14
85 14
86 16
87 23
88 29
89 13
90 29
91 22
92 7
93 12
94 19
95 13
96 21
97 16
98 14
99 12
100 13
101 16
102 14
103 13
104 19
105 6
106 16
107 19
108 23
109 23
110 19
111 12
112 7
113 13
114 13
115 12
116 22
117 17
118 33
119 18
120 17
121 19
122 16
123 6
124 11
125 6
126 1
127 5
128 6
129 5
130 1
131 7
132 5
133 3
134 1
135 2
136 3
137 6
138 10
139 4
140 8
141 6
142 13
143 5
144 1
145 3
146 3
147 9
148 2
153 1
154 1
155 1
156 2
157 1
158 2
159 4
160 1
161 6
162 6
163 2
164 6
165 2
166 2
170 2
171 3
172 1
173 2
174 5
175 2
176 1
178 4
180 2
181 7
182 4
183 2
184 6
185 6
186 2
188 7
189 3
190 8
191 3
193 1
195 2
197 1
548 1
