1 4339234
2 212820
3 18858
4 13284
5 12860
6 12687
7 13590
8 14455
9 16368
10 17501
11 19382
12 20722
13 23373
14 24852
15 28801
16 32487
17 35440
18 40695
19 44859
20 49286
21 54318
22 60705
23 66793
24 72489
25 78666
26 83989
27 87709
28 92470
29 96607
30 98606
31 103535
32 106282
33 108957
34 109479
35 110551
36 110051
37 109478
38 107538
39 106498
40 103948
41 101092
42 97540
43 94450
44 92217
45 87200
46 83356
47 78507
48 74258
49 70467
50 66471
51 62110
52 57743
53 53570
54 49541
55 45320
56 42413
57 38167
58 35652
59 32606
60 29286
61 27203
62 24710
63 22180
64 20024
65 17935
66 15948
67 14487
68 12900
69 11685
70 10751
71 9595
72 8443
73 7374
74 6437
75 5868
76 5212
77 4651
78 4122
79 3578
80 3227
81 2939
82 2600
83 2336
84 2115
85 1979
86 1799
87 1679
88 1447
89 1321
90 1242
91 1083
92 954
93 924
94 867
95 720
96 614
97 627
98 563
99 556
100 531
101 530
102 502
103 523
104 468
105 405
106 349
107 339
108 270
109 292
110 280
111 281
112 214
113 231
114 248
115 235
116 186
117 227
118 178
119 153
120 175
121 198
122 158
123 159
124 161
125 175
126 127
127 134
128 85
129 80
130 92
131 83
132 72
133 71
134 64
135 58
136 71
137 79
138 88
139 84
140 90
141 89
142 61
143 62
144 62
145 89
146 58
147 65
148 60
149 55
150 56
151 40
152 33
153 48
154 60
155 51
156 64
157 43
158 55
159 41
160 46
161 36
162 39
163 36
164 28
165 28
166 34
167 21
168 22
169 27
170 23
171 19
172 36
173 27
174 28
175 17
176 15
177 12
178 14
179 20
180 17
181 20
182 14
183 18
184 14
185 20
186 17
187 17
188 10
189 16
190 9
191 10
192 9
193 14
194 11
195 16
196 15
197 16
198 12
199 11
200 13
201 25
202 12
203 15
204 19
205 16
206 24
207 26
208 16
209 19
210 17
211 14
212 8
213 12
214 7
215 8
216 3
217 6
218 6
219 6
220 5
221 11
222 4
223 3
224 9
225 8
226 10
227 6
228 9
229 21
230 19
231 19
232 21
233 19
234 27
235 17
236 22
237 23
238 24
239 26
240 15
241 20
242 23
243 22
244 33
245 26
246 20
247 28
248 27
249 22
250 24
251 21
252 27
253 19
254 26
255 21
256 21
257 22
258 26
259 26
260 16
261 14
262 17
263 24
264 24
265 24
266 27
267 25
268 25
269 34
270 31
271 28
272 34
273 25
274 24
275 27
276 28
277 33
278 24
279 30
280 20
281 19
282 16
283 23
284 24
285 21
286 31
287 22
288 28
289 30
290 26
291 43
292 35
293 37
294 31
295 34
296 18
297 32
298 39
299 37
300 35
301 34
302 26
303 32
304 29
305 33
306 39
307 38
308 39
309 35
310 26
311 45
312 38
313 36
314 28
315 39
316 36
317 32
318 50
319 38
320 38
321 55
322 52
323 47
324 57
325 42
326 44
327 39
328 38
329 50
330 40
331 42
332 67
333 41
334 35
335 36
336 35
337 44
338 51
339 42
340 46
341 54
342 50
343 45
344 54
345 40
346 41
347 36
348 46
349 52
350 39
351 38
352 35
353 48
354 33
355 43
356 41
357 37
358 42
359 26
360 39
361 46
362 38
363 49
364 44
365 50
366 44
367 53
368 31
369 40
370 45
371 45
372 33
373 36
374 45
375 31
376 37
377 33
378 33
379 30
380 31
381 30
382 33
383 33
384 42
385 27
386 36
387 34
388 19
389 25
390 37
391 27
392 35
393 32
394 24
395 28
396 28
397 22
398 32
399 26
400 22
401 15
402 16
403 19
404 16
405 21
406 14
407 14
408 8
409 14
410 16
411 13
412 16
413 17
414 19
415 19
416 16
417 16
418 19
419 14
420 14
421 17
422 12
423 15
424 18
425 17
426 19
427 20
428 19
429 12
430 11
431 7
432 6
433 12
434 14
435 11
436 11
437 13
438 14
439 11
440 8
441 11
442 9
443 12
444 15
445 9
446 6
447 10
448 15
449 10
450 11
451 14
452 4
453 7
454 11
455 11
456 8
457 10
458 6
459 5
460 10
461 15
462 13
463 14
464 11
465 10
466 10
467 7
468 12
469 12
470 8
471 9
472 7
473 12
474 8
475 17
476 12
477 6
478 9
479 13
480 8
481 2
482 6
483 2
484 1
485 6
486 15
487 10
488 3
489 7
490 5
491 5
492 5
493 5
494 6
495 3
496 7
497 6
498 1
499 4
500 1
501 1
502 6
503 2
504 6
505 4
506 11
507 5
508 6
509 4
510 2
511 5
512 7
513 4
514 4
515 4
516 2
517 5
518 1
519 2
520 3
521 3
522 6
523 2
524 5
525 2
526 2
528 4
529 5
530 3
531 1
532 2
533 1
534 5
535 1
536 3
537 1
539 3
541 4
543 2
544 4
545 1
546 3
548 3
549 3
550 5
551 1
552 2
554 3
555 2
556 2
557 1
558 4
559 6
560 1
561 4
562 2
563 2
564 3
565 5
566 1
567 2
568 1
569 5
570 2
571 2
572 1
573 1
574 4
575 1
576 3
577 1
578 3
579 1
580 4
582 3
583 1
584 3
585 2
586 2
587 1
588 3
589 1
590 1
591 1
592 2
594 3
595 1
596 3
597 2
598 1
599 2
603 3
604 1
605 2
606 1
607 1
608 1
610 2
611 1
612 1
614 1
615 1
616 2
617 2
620 1
621 1
625 2
627 2
630 1
631 2
632 2
634 1
635 1
636 1
637 1
639 2
641 2
643 1
644 1
646 1
648 1
651 1
652 2
653 2
654 1
655 1
656 3
657 3
658 2
659 1
660 2
661 1
664 4
665 4
666 2
667 1
668 1
672 1
673 3
674 5
675 3
676 3
678 1
679 2
681 1
682 1
684 1
685 2
686 2
687 1
689 3
690 2
691 3
692 2
693 2
694 3
695 1
696 2
697 3
698 1
699 2
700 1
701 2
703 1
704 2
705 1
707 1
708 3
709 1
710 2
711 2
712 1
713 3
714 3
716 3
717 5
718 2
719 2
720 1
721 7
722 2
723 4
724 1
725 7
726 2
727 5
728 2
729 3
731 2
732 3
733 1
734 3
735 1
737 1
738 1
740 2
741 2
742 2
743 1
744 1
745 1
746 4
748 5
750 1
751 4
752 1
753 2
754 2
755 3
756 1
757 2
758 3
760 4
761 2
762 1
763 3
764 2
765 2
766 4
767 1
768 1
770 2
771 2
772 1
773 2
774 2
775 1
776 1
777 2
778 2
781 2
783 3
785 3
786 4
787 2
788 2
789 1
790 2
791 4
792 4
793 1
794 4
795 1
796 3
797 1
798 3
799 1
801 2
802 1
803 1
804 3
805 2
806 2
807 2
808 1
809 1
810 3
811 4
812 3
813 2
814 3
815 2
816 3
817 1
818 1
819 5
820 2
821 2
822 3
823 3
824 2
825 4
827 1
828 3
829 2
830 1
833 2
834 2
835 3
836 3
837 2
838 2
839 1
840 1
841 3
844 1
845 1
846 1
848 2
849 2
850 2
851 1
852 2
853 3
854 3
855 1
856 1
857 1
858 1
859 2
860 3
861 2
862 2
863 3
864 1
865 1
866 4
867 4
868 2
869 2
870 1
871 2
872 3
873 1
874 1
875 3
876 3
877 2
878 1
879 3
880 1
881 3
882 1
883 1
884 1
885 1
886 1
887 2
889 2
890 3
891 4
892 2
893 3
894 2
895 2
896 3
897 1
898 6
899 4
900 2
901 4
902 4
903 5
904 7
905 4
906 2
907 6
909 2
910 2
911 7
912 3
913 1
914 7
915 3
916 1
918 1
919 1
923 6
924 2
925 3
926 1
928 1
930 1
931 2
933 1
938 2
939 1
940 1
941 2
942 5
943 5
944 2
945 3
947 7
948 6
949 3
951 2
952 3
953 1
954 3
955 1
956 4
957 2
958 7
959 5
960 3
961 4
962 7
963 2
964 4
965 4
966 3
967 4
968 3
969 2
970 2
971 7
972 4
973 2
974 4
975 3
976 2
977 5
978 6
979 1
980 1
981 1
982 1
983 3
984 3
985 6
986 2
987 2
988 5
989 3
990 5
991 1
992 3
993 3
995 3
996 2
997 1
998 3
1000 4
1001 3
1002 3
1003 2
1004 1
1005 1
1006 1
1007 1
1008 7
1009 3
1010 2
1011 3
1012 2
1013 2
1017 2
1018 3
1019 6
1020 2
1021 1
1022 4
1023 2
1024 3
1025 3
1026 7
1027 5
1028 9
1029 3
1030 1
1031 7
1032 6
1033 4
1034 1
1035 6
1036 5
1037 3
1038 3
1039 6
1040 5
1041 6
1042 6
1043 2
1044 1
1045 2
1046 4
1047 1
1048 1
1049 5
1050 2
1051 2
1053 4
1054 4
1055 4
1056 3
1057 3
1058 3
1059 6
1060 3
1061 2
1062 3
1063 2
1064 3
1065 6
1066 3
1067 1
1068 2
1069 4
1070 2
1071 3
1072 2
1074 1
1075 1
1077 5
1078 4
1079 2
1080 1
1081 2
1082 2
1083 3
1084 4
1085 2
1086 3
1087 1
1088 2
1089 2
1090 1
1091 1
1093 1
1094 1
1095 1
1096 1
1100 1
1101 1
1102 1
1105 1
1109 1
1111 2
1112 1
1113 2
1114 1
1115 1
1116 1
1117 1
1119 4
1120 1
1121 2
1122 3
1123 4
1124 2
1126 2
1127 3
1128 2
1129 3
1130 3
1131 2
1132 5
1133 3
1134 4
1137 5
1138 2
1139 1
1140 2
1141 2
1142 2
1143 3
1144 1
1145 3
1146 1
1147 3
1148 1
1150 2
1152 1
1153 2
1154 2
1155 3
1156 1
1157 2
1159 4
1160 3
1162 5
1163 4
1164 4
1165 4
1166 1
1167 8
1168 2
1169 2
1170 2
1171 3
1172 6
1173 1
1174 5
1175 4
1176 3
1177 3
1178 1
1179 3
1180 1
1181 4
1182 8
1183 2
1184 3
1185 5
1186 5
1187 2
1188 6
1189 4
1190 5
1191 3
1192 2
1193 4
1194 6
1195 6
1196 5
1198 5
1199 3
1200 2
1201 4
1202 4
1203 1
1205 2
1206 3
1207 6
1208 8
1209 7
1210 3
1211 2
1212 3
1213 3
1214 8
1215 3
1216 2
1217 4
1218 3
1219 2
1220 4
1221 1
1222 2
1223 1
1225 1
1226 6
1227 7
1228 3
1229 1
1230 3
1231 3
1232 2
1234 1
1235 2
1236 1
1238 3
1239 1
1240 1
1241 1
1243 4
1244 3
1245 2
1246 1
1247 1
1250 1
1251 3
1255 3
1257 2
1258 2
1259 3
1260 2
1261 1
1263 3
1265 2
1267 3
1268 2
1269 1
1275 1
1277 1
1278 2
1282 1
1283 1
1286 1
1287 1
1288 1
1289 1
1290 2
1296 1
1297 1
1299 2
1301 2
1302 1
1305 1
1310 2
1311 2
1312 2
1314 2
1315 1
1320 3
1321 1
1322 1
1326 1
1330 1
1333 2
1336 1
1337 1
1338 1
1343 3
1344 1
1345 1
1346 1
1347 1
1349 2
1351 3
1352 1
1353 1
1354 1
1356 2
1357 1
1358 1
1359 1
1360 1
1361 1
1362 1
1363 1
1364 2
1375 1
1378 1
1380 1
1381 1
1383 2
1387 1
1389 4
1390 1
1391 1
1392 1
1395 1
1396 4
1397 1
1399 1
1400 1
1402 1
1403 1
1404 1
1407 2
1408 1
1409 1
1410 1
1411 1
1414 1
1416 1
1419 1
1423 1
1424 1
1425 1
1426 3
1432 1
4877 1
