1 2539660
2 117469
3 51949
4 67579
5 88314
6 113621
7 142820
8 174090
9 199672
10 221792
11 235817
12 240750
13 245521
14 241369
15 231143
16 213761
17 196952
18 178293
19 156751
20 137229
21 119797
22 100246
23 84468
24 69703
25 57583
26 46673
27 37710
28 30746
29 24446
30 19744
31 15286
32 12284
33 9740
34 7595
35 6249
36 4909
37 3912
38 3135
39 2447
40 2023
41 1632
42 1457
43 1390
44 1148
45 927
46 885
47 701
48 568
49 551
50 492
51 409
52 390
53 292
54 295
55 253
56 208
57 199
58 190
59 211
60 154
61 133
62 182
63 132
64 130
65 136
66 122
67 128
68 80
69 63
70 75
71 102
72 74
73 62
74 72
75 58
76 63
77 45
78 52
79 58
80 58
81 49
82 70
83 62
84 61
85 56
86 59
87 54
88 63
89 61
90 61
91 55
92 66
93 48
94 54
95 49
96 45
97 61
98 66
99 50
100 62
101 63
102 102
103 81
104 72
105 70
106 83
107 59
108 98
109 80
110 83
111 76
112 91
113 57
114 77
115 68
116 105
117 109
118 100
119 112
120 106
121 100
122 130
123 104
124 81
125 82
126 86
127 83
128 86
129 83
130 63
131 73
132 74
133 65
134 62
135 74
136 81
137 77
138 96
139 69
140 75
141 72
142 68
143 39
144 58
145 56
146 67
147 71
148 64
149 56
150 59
151 61
152 58
153 53
154 67
155 54
156 38
157 41
158 40
159 40
160 36
161 43
162 42
163 46
164 47
165 44
166 40
167 48
168 42
169 56
170 58
171 46
172 51
173 46
174 49
175 29
176 36
177 28
178 24
179 37
180 28
181 31
182 29
183 18
184 29
185 23
186 25
187 11
188 22
189 20
190 33
191 17
192 20
193 11
194 27
195 19
196 25
197 23
198 30
199 22
200 23
201 29
202 18
203 20
204 26
205 19
206 26
207 29
208 18
209 13
210 13
211 12
212 16
213 12
214 14
215 13
216 7
217 16
218 3
219 5
220 7
221 13
222 10
223 6
224 13
225 9
226 9
227 5
228 13
229 4
230 11
231 6
232 6
233 7
234 9
235 10
236 5
237 7
238 15
239 9
240 4
241 5
242 6
243 7
244 10
245 7
246 7
247 11
248 7
249 10
250 5
251 3
252 5
253 3
254 4
255 4
256 1
257 2
258 3
259 2
260 2
261 2
262 6
263 4
264 3
265 1
266 4
267 2
268 2
269 2
270 2
271 5
272 4
273 1
274 3
275 1
276 4
277 9
278 3
280 2
281 2
282 4
283 4
284 2
285 1
286 6
287 3
288 4
289 2
291 1
292 1
293 4
294 4
295 5
296 3
297 2
298 1
299 1
300 4
302 5
303 9
304 5
305 5
306 5
307 2
308 4
309 5
310 3
311 5
312 5
313 6
314 3
315 5
317 6
318 4
319 5
320 1
321 3
322 3
323 1
324 2
325 3
326 1
327 4
328 2
329 1
331 2
332 2
333 1
334 7
335 4
336 3
338 1
339 3
341 3
342 1
343 1
345 2
346 1
348 3
349 3
350 3
351 4
352 2
353 4
354 4
355 3
358 2
359 1
360 2
362 1
363 3
365 3
368 4
369 3
370 2
371 4
372 5
373 3
374 3
375 4
376 1
377 1
378 4
379 2
380 1
381 2
382 1
383 1
384 2
385 5
386 3
387 1
390 1
391 4
392 2
393 2
394 1
396 2
398 1
399 2
400 2
401 3
402 1
405 3
406 1
407 3
408 2
409 2
410 1
411 3
413 1
414 2
415 2
416 3
417 4
418 1
419 3
420 2
421 2
422 2
423 2
424 1
425 4
426 3
427 2
428 4
429 3
430 3
431 5
432 2
433 7
434 3
435 3
436 8
437 3
438 4
439 6
440 8
441 4
442 4
443 6
444 2
445 5
446 2
447 5
448 3
449 4
450 3
451 3
452 5
453 2
454 6
455 5
456 4
457 2
458 4
459 3
460 10
461 5
462 4
463 5
464 11
465 11
466 12
467 8
468 8
469 7
470 11
471 5
472 7
473 5
474 8
475 8
476 5
477 6
478 4
479 4
480 4
482 1
483 2
484 5
485 5
486 7
487 8
488 7
489 9
490 4
491 7
492 3
493 7
494 2
495 4
496 1
498 2
499 4
500 5
501 3
502 3
503 1
504 1
505 3
506 1
507 8
508 2
509 3
510 2
511 2
512 3
513 3
514 1
515 3
516 4
517 3
518 8
519 1
520 3
521 2
522 5
523 1
524 1
525 1
526 4
527 3
528 2
529 3
530 3
531 3
532 3
533 2
535 3
536 4
537 6
538 2
539 5
540 3
541 4
542 5
543 6
544 5
545 2
546 9
547 2
548 5
549 7
550 7
551 5
552 10
553 2
554 4
555 5
556 4
557 6
558 6
559 6
560 6
561 8
562 10
563 9
564 15
565 4
566 6
567 3
568 1
569 1
570 6
571 3
572 1
573 6
574 5
575 1
576 4
577 7
578 1
579 6
580 8
582 2
583 3
584 13
585 5
586 3
587 5
588 5
589 6
590 12
591 7
592 5
593 5
594 2
595 5
596 3
597 5
598 1
600 4
601 1
604 2
605 3
606 2
608 1
609 1
610 3
611 2
612 3
613 4
614 5
615 1
616 5
617 5
618 5
619 4
620 5
621 2
622 3
624 3
625 3
626 1
628 1
629 4
630 3
632 1
633 1
634 3
635 6
636 3
637 7
638 1
639 5
640 3
642 3
644 1
645 1
646 3
647 1
648 2
650 1
651 1
652 1
653 2
654 1
655 2
656 2
657 1
658 1
659 1
660 1
661 3
662 3
663 4
665 1
666 2
668 3
670 1
671 1
1421 1
