1 2031239
2 180319
3 170123
4 222229
5 268831
6 312692
7 340147
8 346463
9 337037
10 314371
11 282643
12 243682
13 203387
14 167402
15 136239
16 106745
17 83795
18 66036
19 49642
20 36585
21 26430
22 20133
23 14728
24 10051
25 7675
26 5932
27 4085
28 2898
29 2081
30 1574
31 1254
32 972
33 677
34 602
35 425
36 309
37 347
38 254
39 187
40 226
41 172
42 173
43 127
44 95
45 118
46 86
47 90
48 62
49 94
50 67
51 110
52 96
53 94
54 79
55 93
56 95
57 115
58 97
59 106
60 113
61 103
62 88
63 108
64 87
65 126
66 96
67 92
68 155
69 101
70 113
71 98
72 108
73 81
74 126
75 135
76 126
77 114
78 120
79 121
80 87
81 122
82 113
83 155
84 166
85 132
86 157
87 134
88 154
89 118
90 132
91 123
92 103
93 122
94 128
95 121
96 147
97 150
98 117
99 103
100 90
101 81
102 109
103 88
104 64
105 82
106 62
107 69
108 59
109 45
110 76
111 58
112 60
113 40
114 60
115 37
116 54
117 42
118 44
119 34
120 30
121 42
122 34
123 31
124 52
125 39
126 32
127 37
128 37
129 28
130 21
131 24
132 11
133 20
134 27
135 23
136 16
137 27
138 15
139 14
140 13
141 15
142 9
143 9
144 7
145 12
146 20
147 23
148 14
149 26
150 18
151 32
152 24
153 20
154 27
155 14
156 19
157 12
158 24
159 7
160 18
161 14
162 12
163 14
164 13
165 9
166 1
167 8
168 7
169 15
170 3
171 9
172 9
173 11
174 10
175 7
176 4
177 7
178 3
179 9
180 4
181 3
182 2
183 2
184 13
185 11
186 6
187 11
188 5
189 7
190 7
191 6
192 4
193 4
194 3
196 4
199 5
200 1
201 1
202 1
203 1
204 2
205 3
206 5
207 1
208 5
209 4
210 3
211 3
212 4
213 1
214 3
215 3
216 6
217 11
218 3
219 6
220 16
221 11
222 10
223 4
224 1
225 3
226 3
227 4
228 7
229 2
230 4
231 4
232 4
233 2
234 2
235 3
236 5
237 1
238 1
239 2
240 4
241 3
242 1
243 4
244 5
245 3
246 1
247 1
248 5
249 2
250 4
251 1
252 1
255 1
258 2
259 1
263 1
1182 1
