1 6845833
2 198456
3 18148
4 12230
5 12223
6 12272
7 14043
8 15374
9 17569
10 18811
11 21272
12 23668
13 27387
14 31263
15 35397
16 40334
17 45032
18 51174
19 57318
20 63885
21 70686
22 78030
23 83870
24 91601
25 98562
26 105149
27 109940
28 115393
29 117817
30 120485
31 121730
32 122746
33 123412
34 123145
35 121872
36 118952
37 114943
38 112656
39 107395
40 102449
41 96949
42 92677
43 87456
44 82386
45 77559
46 71781
47 66234
48 61625
49 56331
50 51570
51 46899
52 42636
53 38297
54 34881
55 31754
56 28423
57 25670
58 23217
59 20632
60 18421
61 16333
62 14246
63 12683
64 11270
65 9466
66 8588
67 7512
68 6519
69 5537
70 4922
71 4349
72 3872
73 3368
74 2846
75 2447
76 2252
77 1976
78 1639
79 1502
80 1378
81 1252
82 1112
83 1030
84 859
85 810
86 755
87 641
88 585
89 534
90 561
91 528
92 452
93 409
94 385
95 336
96 320
97 274
98 313
99 286
100 237
101 276
102 285
103 233
104 228
105 219
106 229
107 246
108 236
109 239
110 200
111 197
112 192
113 206
114 203
115 194
116 161
117 125
118 140
119 159
120 131
121 145
122 116
123 105
124 106
125 85
126 95
127 102
128 90
129 109
130 100
131 104
132 89
133 77
134 62
135 59
136 52
137 56
138 48
139 58
140 59
141 52
142 51
143 48
144 41
145 62
146 41
147 58
148 48
149 54
150 34
151 60
152 37
153 23
154 28
155 15
156 13
157 20
158 30
159 33
160 30
161 32
162 24
163 16
164 17
165 22
166 14
167 29
168 16
169 21
170 7
171 14
172 15
173 15
174 18
175 12
176 10
177 10
178 17
179 17
180 16
181 18
182 12
183 13
184 12
185 20
186 17
187 25
188 21
189 24
190 18
191 28
192 17
193 14
194 24
195 30
196 12
197 22
198 24
199 25
200 10
201 9
202 14
203 16
204 16
205 15
206 24
207 20
208 17
209 14
210 19
211 16
212 10
213 12
214 16
215 16
216 22
217 15
218 18
219 18
220 13
221 22
222 23
223 26
224 19
225 22
226 23
227 21
228 25
229 18
230 24
231 11
232 15
233 22
234 17
235 19
236 18
237 14
238 17
239 22
240 15
241 22
242 24
243 21
244 23
245 24
246 27
247 27
248 30
249 26
250 29
251 27
252 34
253 23
254 27
255 21
256 30
257 37
258 23
259 34
260 29
261 26
262 26
263 25
264 24
265 37
266 28
267 21
268 21
269 20
270 30
271 34
272 32
273 27
274 45
275 27
276 41
277 36
278 25
279 27
280 42
281 45
282 36
283 24
284 31
285 41
286 36
287 39
288 32
289 34
290 46
291 36
292 46
293 39
294 46
295 45
296 37
297 38
298 32
299 21
300 37
301 29
302 26
303 35
304 44
305 44
306 30
307 47
308 30
309 21
310 42
311 29
312 31
313 30
314 34
315 39
316 36
317 24
318 43
319 48
320 29
321 44
322 23
323 33
324 26
325 30
326 36
327 32
328 28
329 34
330 25
331 18
332 25
333 28
334 33
335 29
336 19
337 22
338 32
339 34
340 25
341 29
342 32
343 31
344 33
345 33
346 39
347 36
348 37
349 49
350 50
351 39
352 41
353 47
354 41
355 38
356 28
357 37
358 28
359 30
360 29
361 28
362 26
363 33
364 21
365 25
366 32
367 23
368 21
369 27
370 21
371 33
372 14
373 21
374 12
375 16
376 18
377 14
378 15
379 10
380 16
381 21
382 20
383 25
384 11
385 14
386 14
387 23
388 11
389 13
390 19
391 12
392 35
393 21
394 18
395 14
396 20
397 21
398 16
399 18
400 16
401 12
402 9
403 11
404 13
405 12
406 9
407 10
408 6
409 18
410 15
411 10
412 5
413 6
414 11
415 4
416 4
417 6
418 2
419 6
420 2
421 7
422 1
423 2
424 3
425 4
426 2
427 6
428 3
429 2
430 5
431 4
432 6
433 5
434 6
435 7
436 4
437 2
438 4
439 8
440 6
441 6
442 5
443 3
444 6
445 8
446 7
447 5
448 7
449 4
450 4
451 3
452 5
453 2
454 5
455 4
456 8
457 7
458 7
459 1
460 7
461 4
462 10
463 2
464 3
465 5
466 9
467 2
468 4
469 6
470 3
471 2
472 1
473 1
474 2
476 1
477 2
479 1
480 1
481 1
485 2
487 2
488 3
489 1
490 2
491 1
492 2
495 1
496 3
497 2
498 2
500 2
501 1
502 4
504 2
505 1
507 3
509 2
510 1
511 3
513 2
514 3
515 1
516 3
517 2
518 3
519 5
520 3
521 1
522 1
524 1
525 1
526 1
527 2
528 2
529 1
530 3
531 4
532 2
533 2
535 2
537 1
538 1
539 2
541 3
543 2
545 3
549 3
550 4
551 2
552 1
553 2
554 5
555 3
556 3
557 3
558 2
559 5
560 1
561 1
562 2
563 2
564 5
565 2
566 2
567 3
568 5
569 3
570 3
571 1
572 2
573 2
574 5
575 1
576 5
577 1
578 5
579 2
581 1
582 2
583 1
584 3
585 3
586 1
587 2
589 2
590 1
591 1
592 1
593 1
595 4
596 2
597 3
598 1
599 3
600 4
601 1
602 2
603 5
604 3
605 8
606 5
607 3
608 3
609 2
610 4
611 6
612 4
613 3
614 2
615 5
616 7
617 4
618 5
619 1
620 2
621 1
622 3
623 4
624 9
625 2
626 5
627 4
628 4
629 2
630 7
631 6
632 3
633 4
634 3
635 1
636 5
637 3
638 3
639 3
640 2
641 3
642 1
644 2
645 2
646 3
647 1
648 2
649 2
650 2
651 3
652 1
653 5
654 2
655 3
656 4
657 2
658 2
659 2
660 2
661 2
662 5
663 3
664 4
666 4
667 2
668 4
669 2
670 2
671 2
673 3
674 3
675 1
676 4
677 2
678 1
680 4
681 4
682 5
683 1
684 2
685 5
686 2
687 1
688 2
689 1
690 8
691 5
692 3
693 6
694 4
695 1
696 4
697 4
699 2
700 5
701 1
702 2
703 3
704 7
705 5
706 2
707 3
708 3
709 4
710 3
711 2
712 2
713 3
714 6
715 2
716 3
717 1
718 1
719 3
721 1
723 2
724 1
726 1
727 2
729 1
730 2
731 3
732 4
733 2
734 2
736 2
737 1
738 1
739 1
740 3
741 2
742 3
743 3
744 1
745 3
746 4
748 3
749 3
751 1
752 1
753 2
754 1
755 3
756 1
757 1
759 1
760 1
761 3
762 2
763 2
764 2
765 2
766 2
767 4
768 4
769 2
770 2
771 5
772 2
773 2
774 5
775 3
776 4
777 4
778 1
779 3
780 1
782 2
783 3
784 3
785 4
786 3
787 4
788 4
789 7
790 4
791 5
792 3
793 4
794 5
795 5
796 7
797 1
798 2
799 5
801 8
802 4
803 7
804 6
805 4
806 11
807 1
808 6
809 4
810 7
811 10
812 6
813 11
814 4
815 11
816 5
817 10
818 6
819 5
820 4
821 5
822 5
823 11
824 9
825 6
826 5
827 3
828 4
829 3
830 3
831 8
832 7
833 5
834 8
836 4
837 1
838 3
839 5
840 2
841 9
842 2
843 3
844 5
845 4
846 6
847 5
848 3
849 4
850 6
851 3
852 6
853 3
854 7
855 4
856 3
857 1
858 6
859 2
860 3
861 4
862 1
863 6
864 7
865 3
866 2
867 2
868 6
869 2
870 3
871 2
872 1
873 3
874 3
875 3
876 4
877 4
878 3
879 2
880 4
881 4
882 1
883 4
884 2
885 3
886 5
888 5
889 4
891 1
893 4
894 3
895 2
896 3
897 1
900 2
901 8
902 2
903 2
906 3
907 3
908 1
911 2
912 3
914 4
915 3
916 4
917 2
918 3
919 5
920 2
921 3
922 2
923 4
924 2
925 2
926 4
927 2
928 2
929 1
930 4
931 5
932 1
933 3
934 2
935 3
936 5
937 1
938 7
939 6
940 4
941 4
942 7
943 7
944 5
945 8
946 7
947 4
948 8
949 4
950 5
951 4
952 7
953 4
954 5
955 4
956 4
957 4
958 5
959 1
960 4
961 4
962 5
963 3
964 8
965 3
966 1
967 4
968 3
969 2
970 9
971 2
972 2
973 4
974 2
975 2
976 2
977 4
978 2
979 2
980 2
981 4
982 2
983 2
984 2
985 2
986 1
987 1
988 1
990 1
991 1
992 2
994 2
996 2
997 3
998 4
999 3
1000 2
1002 1
1004 2
1006 2
1007 1
1008 5
1009 4
1010 1
1012 1
1014 1
1016 1
1017 1
1018 2
1019 4
1020 2
1021 3
1022 4
1023 1
1024 5
1025 4
1026 1
1027 3
1029 3
1030 2
1031 1
1032 4
1033 1
1034 1
1035 3
1036 2
1037 4
1038 2
1039 3
1040 1
1041 3
1043 1
1045 1
1046 1
1047 1
1048 1
1049 1
1050 2
1052 1
1053 1
1054 1
1058 1
1059 3
1060 2
1061 1
1062 2
1063 1
1064 1
1065 2
1067 1
1068 1
1070 1
1071 1
1072 1
1073 1
1075 2
1078 1
1080 1
1082 2
1084 2
1086 1
1087 1
1088 1
1091 1
1092 2
1093 1
1099 1
1101 1
1103 1
1104 1
1105 1
1106 2
1107 2
1108 3
1109 2
1111 2
1116 2
1117 2
1118 1
1120 1
1122 2
1123 2
1126 1
1127 1
1129 3
5139 1
