1 4916680
2 182425
3 31752
4 28731
5 27750
6 30580
7 30493
8 33484
9 37021
10 40067
11 45162
12 52020
13 58667
14 67139
15 74467
16 82139
17 90718
18 99392
19 106702
20 116225
21 122048
22 127381
23 131744
24 133649
25 136572
26 137488
27 135896
28 134414
29 132486
30 130465
31 126383
32 120435
33 114415
34 107658
35 101227
36 94425
37 87579
38 80464
39 72959
40 66028
41 59709
42 53389
43 47216
44 42079
45 36651
46 32909
47 28517
48 25071
49 21184
50 18993
51 15871
52 14612
53 12287
54 10324
55 9014
56 7340
57 6088
58 5171
59 4402
60 3826
61 3248
62 2766
63 2231
64 1910
65 1709
66 1438
67 1252
68 1083
69 956
70 848
71 722
72 658
73 620
74 597
75 503
76 438
77 434
78 411
79 401
80 385
81 389
82 355
83 323
84 335
85 349
86 340
87 291
88 335
89 274
90 279
91 285
92 275
93 244
94 240
95 233
96 190
97 203
98 171
99 160
100 134
101 144
102 131
103 117
104 112
105 93
106 83
107 94
108 83
109 68
110 62
111 80
112 83
113 60
114 41
115 58
116 50
117 37
118 46
119 34
120 40
121 20
122 34
123 33
124 33
125 24
126 32
127 34
128 27
129 34
130 32
131 17
132 23
133 24
134 29
135 27
136 26
137 25
138 17
139 23
140 20
141 17
142 37
143 21
144 26
145 34
146 29
147 26
148 28
149 21
150 22
151 19
152 13
153 13
154 11
155 22
156 19
157 15
158 10
159 19
160 25
161 19
162 22
163 15
164 24
165 11
166 27
167 17
168 14
169 25
170 20
171 17
172 32
173 18
174 21
175 30
176 23
177 13
178 20
179 14
180 10
181 17
182 22
183 23
184 18
185 19
186 11
187 19
188 21
189 16
190 21
191 19
192 14
193 16
194 29
195 25
196 30
197 18
198 18
199 27
200 29
201 43
202 20
203 33
204 31
205 21
206 33
207 37
208 25
209 19
210 28
211 31
212 27
213 37
214 24
215 29
216 28
217 34
218 35
219 35
220 53
221 27
222 32
223 41
224 37
225 43
226 43
227 53
228 43
229 38
230 33
231 51
232 41
233 44
234 46
235 42
236 35
237 39
238 48
239 57
240 41
241 55
242 53
243 42
244 51
245 41
246 43
247 61
248 45
249 43
250 47
251 38
252 59
253 36
254 58
255 48
256 45
257 50
258 50
259 53
260 47
261 45
262 45
263 42
264 47
265 50
266 65
267 72
268 58
269 49
270 31
271 44
272 35
273 37
274 38
275 40
276 34
277 37
278 32
279 45
280 39
281 26
282 37
283 34
284 37
285 41
286 39
287 39
288 39
289 35
290 38
291 32
292 37
293 35
294 32
295 32
296 42
297 34
298 36
299 30
300 39
301 26
302 32
303 25
304 31
305 32
306 25
307 36
308 20
309 30
310 36
311 32
312 25
313 31
314 27
315 22
316 25
317 13
318 33
319 16
320 20
321 25
322 19
323 14
324 12
325 15
326 13
327 15
328 16
329 24
330 14
331 11
332 9
333 15
334 16
335 10
336 9
337 13
338 11
339 10
340 11
341 7
342 16
343 5
344 5
345 9
346 6
347 7
348 8
349 7
350 5
351 6
352 5
353 8
354 7
355 7
356 8
357 6
358 4
359 4
360 4
361 1
362 5
363 5
364 6
365 7
366 4
367 6
368 2
369 8
370 4
371 2
372 1
373 2
375 4
376 4
377 1
378 4
379 3
380 2
381 3
382 2
384 1
385 4
386 3
387 2
388 2
389 1
390 1
395 1
397 3
398 1
399 1
400 1
401 1
403 4
404 1
407 1
408 3
409 2
412 2
414 3
416 2
417 2
418 1
419 2
420 3
421 2
422 1
423 3
424 6
425 5
426 3
428 5
429 3
430 1
431 4
432 4
433 6
434 6
435 5
436 6
437 6
438 8
439 7
440 6
441 5
442 8
443 6
444 4
445 2
447 4
448 4
449 2
450 2
451 5
452 7
453 5
454 1
455 5
456 5
457 2
458 3
459 1
460 3
461 1
462 2
463 4
464 5
465 3
466 2
469 2
470 4
471 4
472 6
473 5
474 5
475 3
476 9
477 5
478 6
479 3
480 6
481 5
482 3
483 5
484 2
485 5
486 6
487 2
488 4
489 6
490 8
491 3
492 1
493 6
494 4
495 3
496 4
497 7
498 5
499 4
500 1
501 3
502 5
503 8
504 5
505 5
506 3
507 2
508 6
509 2
510 2
511 2
512 2
513 3
514 5
515 5
516 2
517 2
518 2
519 3
521 1
522 2
523 3
524 2
525 3
526 2
527 6
528 6
529 3
530 3
531 4
532 6
533 2
536 5
537 1
538 1
539 2
540 1
541 3
542 2
543 3
544 6
546 4
547 1
548 2
549 2
551 2
552 1
553 3
554 5
555 2
556 4
557 4
558 1
559 2
560 1
561 2
562 2
563 2
564 2
567 1
568 3
569 3
570 2
571 5
574 1
575 4
576 8
577 3
578 2
580 2
581 1
582 2
583 3
584 1
585 1
586 2
587 3
591 2
592 1
593 3
594 1
596 4
597 3
598 1
600 3
601 1
602 2
603 2
604 4
605 1
606 4
607 4
608 1
609 1
610 2
611 2
613 2
614 1
615 1
616 1
617 2
618 5
619 3
620 1
621 2
622 2
623 2
624 3
626 9
627 4
628 4
629 3
630 3
631 4
632 5
633 5
634 1
635 3
636 6
637 9
638 6
639 6
640 5
641 3
642 11
643 4
644 2
645 5
646 6
647 6
648 1
649 3
650 2
651 2
652 3
653 3
654 3
655 2
656 5
657 1
658 1
659 2
660 2
661 2
662 2
663 5
664 5
665 5
666 6
668 8
669 7
670 8
671 6
672 3
673 3
674 5
675 7
676 6
677 5
678 3
679 1
680 8
681 4
682 6
683 8
684 3
685 2
686 4
687 5
688 2
689 7
691 1
692 3
693 3
694 2
695 2
696 1
697 3
698 2
699 2
700 6
701 3
702 4
703 3
704 3
705 2
706 6
707 4
708 6
709 7
710 4
711 3
712 4
713 2
714 1
715 1
717 3
718 4
719 6
720 2
721 6
722 4
723 3
724 4
725 2
726 8
727 2
728 1
729 3
730 7
731 2
732 7
733 3
734 3
735 5
736 2
737 3
739 5
740 2
741 4
743 3
744 5
745 2
746 7
747 3
748 2
749 4
750 6
751 2
752 2
753 2
754 1
755 3
756 3
757 7
758 4
759 2
760 4
761 3
762 2
763 5
764 2
765 3
766 1
768 4
769 4
770 5
772 2
773 4
774 2
775 1
776 1
777 5
778 2
779 3
780 3
782 2
783 4
784 2
785 2
786 1
789 2
790 1
791 1
792 3
794 2
795 3
796 3
797 2
798 4
799 3
800 4
801 3
802 1
803 3
805 4
806 2
807 2
808 4
809 2
810 3
811 3
812 4
813 2
814 3
815 4
816 3
817 1
818 1
819 1
820 3
821 3
822 3
823 5
824 3
825 7
826 3
827 2
828 5
829 5
830 5
831 1
832 2
833 5
834 7
835 7
836 1
838 3
839 3
840 2
841 3
844 2
845 3
846 2
847 1
848 4
849 2
850 1
851 1
853 2
854 1
856 1
857 1
859 2
860 1
861 1
862 1
865 1
866 2
868 1
869 1
871 1
873 2
874 2
875 1
876 1
877 1
878 1
879 2
880 2
881 4
882 2
883 1
884 2
886 1
887 1
888 1
889 2
890 3
891 1
892 1
893 4
896 2
898 2
900 3
902 2
904 1
907 3
908 4
909 3
913 1
914 1
918 1
919 1
920 3
921 1
922 1
923 1
924 2
925 3
926 4
927 2
928 3
929 5
930 1
931 1
932 2
933 3
934 1
935 1
941 1
942 2
943 2
946 1
948 1
952 2
953 3
954 2
955 3
956 1
961 1
967 1
3386 1
