1 9469330
2 209945
3 26007
4 22012
5 21161
6 22553
7 24426
8 25877
9 26898
10 30199
11 34732
12 38788
13 43262
14 49222
15 55890
16 64205
17 71203
18 78958
19 88435
20 96567
21 104593
22 113297
23 119955
24 125570
25 132044
26 137040
27 138903
28 140090
29 140485
30 140355
31 137886
32 135059
33 128828
34 124375
35 118317
36 111081
37 103729
38 95817
39 86857
40 80198
41 72879
42 65400
43 59317
44 52997
45 46852
46 41394
47 35824
48 31334
49 27572
50 23588
51 20305
52 17862
53 15129
54 13021
55 11147
56 9399
57 7947
58 6687
59 5991
60 5098
61 4436
62 3626
63 3088
64 2659
65 2314
66 1990
67 1684
68 1450
69 1452
70 1182
71 1091
72 1033
73 917
74 825
75 795
76 767
77 775
78 716
79 691
80 618
81 602
82 555
83 504
84 521
85 474
86 541
87 490
88 420
89 445
90 429
91 378
92 356
93 346
94 316
95 296
96 291
97 315
98 280
99 296
100 285
101 269
102 284
103 248
104 211
105 245
106 249
107 239
108 248
109 176
110 223
111 211
112 219
113 202
114 164
115 174
116 174
117 186
118 161
119 165
120 187
121 177
122 159
123 169
124 195
125 174
126 167
127 166
128 190
129 159
130 165
131 153
132 150
133 127
134 107
135 144
136 138
137 126
138 146
139 131
140 145
141 126
142 138
143 113
144 118
145 115
146 128
147 142
148 146
149 160
150 148
151 145
152 141
153 127
154 122
155 132
156 114
157 128
158 107
159 102
160 104
161 99
162 85
163 99
164 91
165 88
166 78
167 93
168 103
169 92
170 75
171 75
172 109
173 77
174 77
175 78
176 93
177 81
178 80
179 67
180 95
181 73
182 62
183 63
184 59
185 75
186 61
187 62
188 68
189 68
190 67
191 73
192 86
193 75
194 70
195 65
196 68
197 82
198 62
199 58
200 74
201 49
202 56
203 55
204 74
205 65
206 54
207 43
208 40
209 45
210 62
211 41
212 62
213 66
214 47
215 56
216 72
217 44
218 57
219 48
220 59
221 41
222 63
223 54
224 54
225 55
226 54
227 54
228 58
229 73
230 47
231 58
232 60
233 52
234 62
235 51
236 59
237 46
238 47
239 58
240 65
241 66
242 62
243 74
244 65
245 62
246 62
247 60
248 47
249 46
250 67
251 64
252 66
253 78
254 62
255 61
256 61
257 59
258 60
259 68
260 64
261 53
262 62
263 71
264 55
265 44
266 61
267 48
268 47
269 64
270 70
271 57
272 57
273 29
274 39
275 51
276 42
277 33
278 52
279 48
280 48
281 54
282 45
283 69
284 56
285 60
286 54
287 65
288 57
289 41
290 68
291 56
292 48
293 46
294 42
295 37
296 35
297 33
298 25
299 32
300 38
301 29
302 36
303 27
304 31
305 30
306 33
307 39
308 33
309 25
310 38
311 25
312 34
313 30
314 26
315 32
316 27
317 24
318 29
319 35
320 35
321 27
322 26
323 15
324 8
325 18
326 19
327 9
328 11
329 17
330 20
331 23
332 16
333 21
334 19
335 12
336 16
337 14
338 12
339 21
340 14
341 14
342 17
343 15
344 19
345 19
346 13
347 13
348 14
349 15
350 9
351 12
352 6
353 14
354 24
355 17
356 22
357 18
358 12
359 10
360 10
361 17
362 8
363 18
364 6
365 11
366 8
367 10
368 12
369 10
370 11
371 9
372 8
373 8
374 9
375 10
376 7
377 7
378 9
379 7
381 1
382 5
383 3
384 5
385 3
386 4
387 3
388 1
389 5
390 7
391 4
392 5
393 3
394 7
395 3
396 2
397 3
398 4
399 3
400 4
401 5
403 2
405 2
406 1
407 4
408 5
409 3
411 4
412 2
414 2
415 1
416 1
417 2
418 1
419 3
420 3
421 2
422 2
423 2
424 6
425 1
426 1
428 2
429 1
430 7
431 5
432 4
433 4
434 3
435 4
436 8
437 4
438 5
439 4
440 4
441 3
442 1
443 1
444 3
446 3
447 4
448 1
449 7
450 1
451 2
452 4
453 5
454 4
455 7
456 3
457 7
458 3
459 7
460 1
461 2
462 2
463 1
464 1
465 3
466 3
468 3
469 1
470 2
471 4
472 1
473 3
474 4
475 3
476 5
477 2
478 3
479 2
480 5
481 1
482 4
483 1
484 3
485 2
486 3
487 1
488 1
489 2
490 3
491 2
492 5
493 7
494 3
495 2
496 1
497 2
498 1
499 3
500 1
501 1
502 1
503 2
504 3
505 1
511 1
512 2
513 3
514 2
515 4
516 1
517 2
520 2
521 2
523 2
525 1
527 3
528 1
529 4
530 1
531 1
536 7
537 1
538 3
539 2
540 3
541 2
542 2
543 3
544 4
547 2
548 1
549 2
551 1
552 1
555 1
556 1
557 2
560 1
569 2
579 1
580 1
584 1
585 1
587 2
589 1
590 1
593 1
646 1
647 1
654 1
655 1
658 1
663 1
709 1
712 1
723 1
728 2
731 2
732 1
734 1
741 2
744 1
749 1
750 1
751 1
752 1
754 1
758 1
759 1
760 2
762 1
767 2
768 2
775 1
776 1
781 2
782 1
783 2
784 1
785 1
788 1
790 3
793 1
794 1
798 3
800 1
802 3
812 2
815 1
816 1
822 3
824 3
827 1
829 1
830 1
833 1
839 2
840 1
841 1
842 1
843 1
845 3
846 1
849 1
850 2
851 2
852 2
853 1
854 2
855 1
856 1
857 1
858 1
859 2
861 1
862 1
864 3
865 3
866 1
867 2
868 1
871 1
872 3
874 1
877 1
878 1
879 2
880 1
881 1
882 2
883 1
884 2
885 1
887 1
890 2
891 1
892 1
893 1
894 1
926 1
927 1
930 1
932 2
934 1
936 1
940 1
959 1
968 1
970 1
972 1
3679 1
