1 6564835
2 150552
3 31873
4 15311
5 8903
6 5691
7 3842
8 2826
9 2146
10 1460
11 1177
12 817
13 727
14 551
15 464
16 382
17 277
18 260
19 205
20 235
21 135
22 120
23 128
24 119
25 73
26 50
27 50
28 30
29 47
30 38
31 49
32 24
33 41
34 44
35 23
36 25
37 29
38 64
39 52
40 107
41 104
42 122
43 116
44 183
45 225
46 230
47 226
48 282
49 316
50 317
51 426
52 454
53 474
54 536
55 565
56 763
57 941
58 1105
59 1322
60 1488
61 1776
62 1941
63 2253
64 2857
65 3261
66 3897
67 4658
68 5209
69 6248
70 7368
71 8386
72 9760
73 10847
74 13074
75 14115
76 15899
77 17895
78 19821
79 22127
80 24339
81 26774
82 28789
83 31716
84 33616
85 36283
86 38875
87 40782
88 43122
89 45191
90 47234
91 49315
92 51099
93 53006
94 54294
95 55578
96 56983
97 57966
98 58549
99 59854
100 60329
101 60930
102 60774
103 61633
104 61576
105 61027
106 61895
107 61074
108 60632
109 60605
110 60527
111 59772
112 59517
113 58974
114 59053
115 59007
116 58432
117 58110
118 57682
119 57255
120 56880
121 56391
122 56243
123 55254
124 54299
125 52950
126 52728
127 52204
128 51272
129 49906
130 48822
131 48107
132 47475
133 46097
134 45259
135 44356
136 43158
137 41409
138 39954
139 38936
140 37303
141 35868
142 34219
143 32525
144 31222
145 29088
146 27937
147 26467
148 25198
149 23851
150 22503
151 21341
152 20180
153 18567
154 17114
155 16134
156 14943
157 13519
158 12816
159 11824
160 10386
161 9759
162 8810
163 8017
164 7327
165 6648
166 5944
167 5443
168 4870
169 4472
170 3844
171 3473
172 3032
173 2691
174 2418
175 2137
176 1874
177 1510
178 1366
179 1200
180 1013
181 886
182 798
183 741
184 569
185 524
186 487
187 458
188 366
189 327
190 340
191 275
192 260
193 226
194 245
195 268
196 285
197 237
198 246
199 248
200 224
201 259
202 241
203 210
204 249
205 194
206 234
207 232
208 226
209 248
210 284
211 280
212 218
213 245
214 231
215 272
216 242
217 282
218 288
219 261
220 251
221 270
222 259
223 264
224 273
225 278
226 296
227 310
228 295
229 282
230 316
231 304
232 269
233 305
234 316
235 247
236 288
237 286
238 266
239 241
240 279
241 284
242 302
243 287
244 282
245 299
246 272
247 267
248 280
249 263
250 309
251 269
252 297
253 284
254 266
255 304
256 283
257 328
258 289
259 259
260 253
261 216
262 223
263 195
264 210
265 204
266 181
267 179
268 150
269 167
270 149
271 135
272 121
273 140
274 167
275 146
276 110
277 111
278 108
279 131
280 128
281 136
282 104
283 141
284 107
285 111
286 99
287 95
288 100
289 90
290 104
291 82
292 60
293 74
294 67
295 61
296 89
297 80
298 78
299 69
300 70
301 55
302 60
303 61
304 78
305 57
306 69
307 64
308 48
309 57
310 51
311 50
312 61
313 53
314 41
315 43
316 34
317 32
318 34
319 32
320 24
321 25
322 27
323 23
324 23
325 25
326 21
327 15
328 17
329 9
330 9
331 7
332 7
333 10
334 3
335 8
336 5
337 5
338 7
339 9
340 9
341 7
342 11
343 6
344 6
345 7
346 10
347 12
348 12
349 12
350 16
351 23
352 12
353 19
354 18
355 24
356 21
357 26
358 19
359 20
360 25
361 29
362 19
363 30
364 21
365 24
366 15
367 24
368 23
369 25
370 31
371 18
372 19
373 14
374 17
375 41
376 28
377 30
378 32
379 28
380 33
381 31
382 29
383 32
384 31
385 24
386 24
387 28
388 31
389 31
390 28
391 41
392 38
393 42
394 42
395 40
396 37
397 25
398 27
399 30
400 28
401 24
402 25
403 20
404 20
405 20
406 12
407 17
408 9
409 12
410 14
411 9
412 10
413 13
414 15
415 27
416 27
417 25
418 19
419 25
420 27
421 26
422 17
423 20
424 13
425 14
426 17
427 12
428 10
429 21
430 16
431 17
432 13
433 15
434 10
435 6
436 8
437 5
438 12
439 4
440 10
441 5
442 10
443 6
444 10
445 7
446 10
447 12
448 8
449 7
450 3
451 5
452 7
453 6
454 6
455 5
456 5
457 6
458 3
459 8
460 5
461 7
462 4
463 10
464 5
465 8
466 12
467 4
468 7
469 6
470 1
471 2
472 1
474 2
475 2
476 2
477 1
478 4
479 3
480 2
481 8
482 1
483 5
484 2
485 2
486 5
487 3
488 3
489 4
490 3
491 2
492 3
493 3
494 7
495 7
496 4
497 4
498 12
499 15
500 8
501 7
502 9
503 10
504 12
505 5
506 6
507 10
508 6
509 12
510 9
511 8
512 7
513 6
514 9
515 12
516 9
517 6
518 15
519 10
520 5
521 10
522 9
523 5
524 4
525 6
526 6
527 1
528 2
529 4
530 5
531 9
532 5
533 2
534 7
535 1
536 1
537 4
538 2
539 2
540 1
541 2
542 4
543 5
544 1
545 2
546 1
547 3
548 2
549 4
550 6
551 2
552 5
553 5
554 3
555 5
556 2
557 2
558 3
559 2
560 2
564 1
565 1
567 2
568 4
570 1
571 2
572 1
573 2
574 3
575 1
576 5
578 4
579 5
580 7
583 5
584 1
585 2
587 1
588 3
589 4
590 4
591 2
592 5
593 3
594 2
595 4
596 4
597 4
598 4
599 2
600 2
601 2
602 6
603 4
604 3
605 3
606 4
607 5
608 6
609 2
610 2
611 5
612 6
613 4
614 5
615 6
616 4
617 2
618 7
619 2
620 9
621 4
622 9
623 5
624 14
625 6
626 10
627 9
628 8
629 13
630 7
631 11
632 7
633 12
634 16
635 9
636 11
637 9
638 14
639 12
640 14
641 22
642 19
643 24
644 19
645 11
646 19
647 14
648 17
649 10
650 15
651 16
652 15
653 13
654 9
655 12
656 13
657 20
658 9
659 16
660 17
661 24
662 15
663 10
664 9
665 18
666 12
667 16
668 18
669 16
670 13
671 16
672 15
673 15
674 21
675 15
676 17
677 18
678 15
679 20
680 18
681 19
682 9
683 18
684 23
685 24
686 21
687 22
688 21
689 25
690 30
691 23
692 31
693 23
694 22
695 17
696 19
697 24
698 29
699 27
700 15
701 26
702 25
703 35
704 30
705 25
706 32
707 43
708 28
709 32
710 36
711 24
712 28
713 26
714 21
715 33
716 25
717 17
718 19
719 23
720 22
721 25
722 15
723 13
724 20
725 25
726 23
727 28
728 32
729 27
730 35
731 36
732 26
733 24
734 31
735 34
736 34
737 26
738 24
739 27
740 21
741 20
742 26
743 25
744 36
745 29
746 21
747 19
748 24
749 27
750 30
751 28
752 33
753 25
754 26
755 33
756 36
757 22
758 37
759 38
760 18
761 28
762 23
763 25
764 39
765 28
766 42
767 31
768 27
769 18
770 26
771 28
772 24
773 19
774 28
775 22
776 28
777 19
778 27
779 24
780 19
781 23
782 44
783 38
784 37
785 30
786 43
787 35
788 38
789 35
790 40
791 38
792 40
793 30
794 32
795 27
796 40
797 34
798 33
799 36
800 30
801 28
802 30
803 36
804 28
805 19
806 21
807 25
808 28
809 22
810 26
811 31
812 25
813 22
814 24
815 27
816 29
817 25
818 25
819 32
820 20
821 25
822 24
823 25
824 22
825 29
826 10
827 12
828 21
829 13
830 16
831 17
832 21
833 9
834 15
835 20
836 20
837 20
838 18
839 17
840 21
841 20
842 14
843 13
844 9
845 11
846 15
847 18
848 10
849 7
850 8
851 11
852 8
853 6
854 10
855 5
856 5
857 14
858 6
859 7
860 13
861 6
862 7
863 8
864 3
865 8
866 12
867 8
868 4
869 4
870 8
871 3
872 4
873 5
874 8
875 6
876 7
877 2
878 7
879 4
880 7
881 10
882 8
883 5
884 6
885 5
886 5
887 4
888 8
889 2
890 2
891 1
892 5
894 1
895 2
896 2
897 1
898 2
899 2
900 4
901 2
902 4
903 2
904 8
905 6
907 9
908 6
909 5
910 2
911 4
912 11
913 2
914 7
915 8
916 6
917 4
918 6
919 6
920 3
921 7
922 1
923 4
924 3
925 1
926 5
927 2
928 1
929 2
930 1
931 4
932 1
935 2
937 1
938 1
940 1
941 1
944 1
947 1
948 2
949 1
950 1
954 3
955 2
957 2
958 2
959 1
960 1
961 1
963 2
964 1
966 4
968 3
969 3
970 1
971 3
972 3
973 3
974 3
975 1
976 2
979 1
983 1
987 3
988 1
994 2
995 2
996 1
997 1
998 1
1000 1
1003 1
1014 3
1016 1
1020 1
1022 1
1026 1
1027 1
1028 4
1029 4
1030 1
1032 2
1033 3
1034 2
1035 2
1037 1
1038 1
1039 3
1040 1
1041 2
1043 1
1044 3
1045 1
1049 2
1050 1
1052 1
1053 3
1055 1
1056 1
1058 2
1059 1
1065 1
1066 1
1114 2
1118 1
1122 1
1124 1
1125 1
1130 1
1131 1
1135 1
1139 2
1140 2
1143 1
1144 1
1145 2
1146 1
1147 3
1149 4
1150 2
1151 1
1153 1
1154 1
1156 1
1158 1
1159 2
1160 2
1161 1
1163 2
1164 1
1167 1
1170 1
1171 1
1172 3
1174 1
1175 3
1177 1
1178 2
1180 2
1182 1
1183 3
1184 3
1185 4
1186 1
1187 3
1188 2
1189 3
1190 3
1191 3
1192 1
1193 3
1194 2
1195 3
1196 2
1197 2
1198 1
1199 3
1200 1
1201 2
1202 2
1203 3
1204 1
1242 2
1243 2
1244 5
1245 3
1246 1
1247 2
1248 2
1249 1
1250 1
1251 2
1252 1
1253 4
1254 1
1255 1
1258 1
1260 1
1262 1
1263 2
1264 2
1265 1
1267 2
1269 1
1281 1
1288 1
1289 1
1292 2
1293 1
1300 2
1307 3
1309 1
1310 2
1311 1
1313 1
1314 3
1315 4
1316 2
1317 2
1319 1
1320 3
1322 2
1325 1
1326 2
1327 1
1331 1
1332 1
1335 1
1350 1
1351 1
1354 1
1358 1
1360 1
1362 2
1365 1
1368 1
1373 1
1374 1
1376 1
1382 1
1388 1
1391 1
1395 1
1396 1
1398 3
1399 1
1401 1
1402 1
1403 2
1404 1
1407 5
1408 1
1409 2
1411 1
1412 1
1413 1
1414 1
1415 2
1416 1
1417 1
1418 1
1419 1
1423 1
1424 2
1435 1
1437 1
1444 2
1445 1
1447 1
1449 1
1451 1
1454 1
1474 1
1479 1
1480 1
1481 1
1482 1
1483 1
1484 1
1486 1
1487 2
1488 1
1489 2
1490 1
1491 1
1492 3
1495 1
1496 1
1497 2
1498 1
1499 3
1500 3
1501 1
1502 1
1504 1
1507 1
1508 2
1511 2
1512 4
1513 2
1514 2
1515 3
1516 2
1517 4
1518 2
1519 2
1520 2
1521 2
1522 4
1523 1
1524 2
1525 3
1527 2
1528 4
1529 3
1531 2
1532 1
1533 4
1534 4
1535 4
1537 3
1538 1
1539 2
1541 4
1542 2
1544 1
1545 1
1546 2
1549 2
1550 1
1551 2
1552 4
1553 1
1554 2
1556 2
1557 3
1558 1
1559 2
1560 1
1561 2
1562 1
1563 5
1564 3
1565 1
1566 2
1567 3
1568 6
1569 3
1570 3
1571 2
1573 1
1574 2
1575 2
1576 1
1577 1
1578 2
1580 1
1581 2
1582 2
1583 1
1584 2
1587 2
1588 2
1589 2
1591 2
1592 2
1593 1
1594 1
1595 2
1596 1
1597 2
1598 2
1601 1
1602 1
1604 1
1607 1
1608 1
1610 1
1614 1
1957 1
1961 1
1963 1
1967 1
1973 1
1975 1
1981 1
1993 1
1994 1
1996 1
1997 1
2000 1
2007 1
2028 1
2033 1
2036 1
2037 1
2042 1
2047 1
2049 1
2053 1
2064 1
2065 2
2067 1
2077 1
2079 1
2085 1
2092 1
2097 1
2098 1
2099 3
2101 2
2102 1
2104 1
2109 1
2111 1
2113 1
2116 1
2118 1
2126 1
2320 1
2326 1
2329 1
2342 1
2345 1
2346 1
2348 1
2350 1
2351 1
2353 1
2355 2
2356 1
2357 1
2358 1
2365 1
2366 2
2367 1
2371 1
2373 2
2374 1
2375 2
2376 1
2377 2
2379 2
2380 2
2383 1
2384 1
2385 1
2386 1
2388 1
2390 2
2391 1
2392 1
2393 1
2394 1
2395 1
2397 2
2398 2
2401 2
2402 4
2403 2
2405 1
2406 1
2407 3
2408 1
2409 1
2410 1
2411 1
2412 1
2413 2
2414 1
2415 1
2416 3
2419 1
2420 3
2421 1
2422 4
2423 1
2425 3
2426 2
2427 3
2429 2
2430 5
2431 1
2432 1
2433 1
2435 1
2436 1
2437 5
2438 2
2440 1
2442 2
2443 1
2444 6
2445 2
2446 3
2448 3
2449 4
2450 1
2451 1
2452 4
2453 1
2454 3
2455 2
2456 2
2457 2
2458 2
2459 4
2460 2
2461 2
2462 1
2463 1
2465 1
2466 1
2468 1
2469 4
2471 1
2473 1
2474 2
2475 3
2476 4
2477 1
2478 1
2479 3
2480 4
2482 3
2483 2
2484 1
2485 3
2486 2
2487 2
2488 1
2489 1
2490 1
2491 2
2492 3
2493 2
2494 2
2495 2
2496 1
2497 9
2498 4
2499 2
2500 2
2501 4
2502 7
2503 3
2504 6
2505 7
2506 5
2507 4
2508 4
2509 6
2510 3
2511 4
2512 13
2513 5
2514 6
2515 6
2516 1
2517 9
2518 2
2519 4
2520 5
2521 4
2522 6
2523 6
2524 3
2525 3
2526 3
2527 4
2528 8
2529 1
2530 3
2531 5
2533 3
2534 3
2535 2
2536 3
2537 5
2538 3
2539 5
2540 2
2541 4
2542 2
2543 1
2544 3
2545 6
2546 3
2547 2
2548 5
2549 5
2550 2
2551 3
2552 2
2553 2
2554 3
2555 3
2556 3
2557 1
2558 3
2559 1
2560 1
2561 1
2562 2
2563 5
2564 3
2565 2
2566 5
2567 7
2568 5
2569 2
2570 6
2571 3
2572 2
2573 4
2574 5
2575 3
2576 3
2577 2
2578 2
2579 7
2580 3
2581 6
2582 3
2583 5
2584 6
2585 6
2586 5
2587 3
2588 3
2589 4
2590 4
2592 4
2593 5
2594 3
2595 4
2596 4
2597 4
2598 2
2599 2
2600 1
2602 6
2603 2
2604 2
2605 4
2606 3
2607 3
2608 3
2609 1
2610 1
2611 4
2612 4
2613 1
2614 2
2616 3
2617 3
2618 4
2619 5
2621 1
2622 5
2623 2
2624 4
2625 1
2627 2
2628 1
2629 2
2630 1
2631 2
2632 5
2633 4
2634 2
2635 4
2636 2
2637 3
2639 1
2640 6
2641 2
2642 1
2643 2
2646 1
2647 2
2648 5
2649 2
2650 2
2651 4
2652 3
2653 1
2654 2
2655 4
2656 4
2657 3
2658 1
2659 1
2660 4
2661 6
2662 3
2663 3
2664 3
2665 1
2666 2
2667 1
2669 1
2670 4
2671 3
2672 3
2673 1
2674 6
2675 2
2676 6
2677 3
2678 6
2679 3
2680 4
2681 5
2682 5
2683 3
2685 3
2686 3
2687 4
2688 2
2689 4
2690 3
2691 6
2693 4
2694 4
2695 6
2696 2
2697 1
2698 1
2699 3
2700 3
2701 1
2702 3
2703 4
2704 3
2705 3
2706 1
2707 2
2708 5
2709 5
2710 2
2711 4
2712 1
2714 5
2715 3
2717 2
2718 1
2719 3
2720 1
2721 2
2722 3
2723 4
2724 1
2725 2
2726 3
2727 1
2729 2
2730 5
2731 3
2732 3
2733 5
2734 5
2735 2
2736 2
2737 2
2738 2
2739 2
2740 1
2741 2
2742 1
2743 1
2744 5
2745 4
2747 1
2748 3
2749 3
2750 2
2751 3
2752 2
2753 2
2754 4
2755 2
2756 3
2757 3
2758 3
2759 1
2761 3
2762 2
2763 1
2764 2
2766 1
2767 3
2768 4
2770 1
2771 5
2772 1
2773 1
2774 2
2775 2
2776 2
2777 3
2778 2
2779 1
2780 1
2781 1
2783 1
2786 1
2787 2
2789 2
2791 3
2792 1
2793 2
2796 2
2798 2
2800 1
2801 3
2802 1
2803 1
2804 1
2805 1
2806 1
2808 4
2809 1
2810 1
2811 2
2812 1
2815 2
2816 1
2817 2
2825 2
2840 1
2854 1
2856 1
2859 1
2865 1
2872 1
2874 1
2877 1
4226 1
4267 1
4272 1
4281 1
4287 1
7732 1
