1 6393246
2 176396
3 30267
4 11276
5 6369
6 3787
7 2815
8 2076
9 1513
10 1146
11 819
12 600
13 532
14 419
15 369
16 250
17 162
18 146
19 106
20 78
21 96
22 64
23 59
24 59
25 30
26 20
27 56
28 49
29 28
30 51
31 87
32 86
33 101
34 134
35 153
36 188
37 278
38 314
39 319
40 423
41 450
42 520
43 589
44 710
45 787
46 978
47 1077
48 1335
49 1576
50 1912
51 2294
52 2902
53 3412
54 4401
55 5431
56 6739
57 8139
58 9705
59 11548
60 14037
61 16273
62 19073
63 21883
64 25166
65 29004
66 32799
67 37288
68 41941
69 47433
70 52911
71 57623
72 63005
73 67712
74 72634
75 78424
76 83193
77 88305
78 92360
79 95981
80 100221
81 102975
82 105899
83 107511
84 110247
85 112174
86 112160
87 112392
88 112970
89 111765
90 110139
91 107715
92 105868
93 102974
94 98909
95 95624
96 92112
97 88368
98 83273
99 79161
100 74322
101 69920
102 64937
103 59996
104 55720
105 50653
106 46843
107 42980
108 39279
109 35833
110 32585
111 28901
112 26273
113 23034
114 20892
115 18570
116 16234
117 14108
118 12329
119 10780
120 9311
121 8180
122 7111
123 5974
124 5168
125 4455
126 3906
127 3384
128 2861
129 2572
130 2078
131 1786
132 1757
133 1534
134 1359
135 1333
136 1184
137 1074
138 1027
139 930
140 918
141 830
142 792
143 774
144 790
145 685
146 752
147 686
148 670
149 621
150 597
151 548
152 499
153 495
154 471
155 423
156 390
157 478
158 442
159 455
160 479
161 440
162 524
163 488
164 469
165 501
166 471
167 471
168 467
169 458
170 438
171 474
172 446
173 430
174 402
175 400
176 343
177 342
178 354
179 357
180 355
181 367
182 322
183 336
184 314
185 282
186 288
187 268
188 230
189 222
190 216
191 195
192 228
193 201
194 244
195 178
196 179
197 147
198 131
199 118
200 113
201 104
202 114
203 121
204 129
205 117
206 110
207 129
208 110
209 127
210 135
211 110
212 96
213 94
214 65
215 71
216 84
217 71
218 63
219 82
220 69
221 64
222 60
223 72
224 62
225 65
226 68
227 69
228 48
229 53
230 53
231 52
232 35
233 55
234 37
235 44
236 24
237 38
238 41
239 46
240 41
241 39
242 35
243 39
244 29
245 16
246 26
247 17
248 19
249 23
250 20
251 23
252 16
253 17
254 26
255 23
256 25
257 27
258 20
259 30
260 23
261 34
262 35
263 36
264 45
265 46
266 46
267 39
268 55
269 62
270 39
271 46
272 62
273 48
274 41
275 49
276 56
277 74
278 52
279 51
280 75
281 80
282 68
283 77
284 79
285 59
286 58
287 72
288 67
289 69
290 73
291 64
292 67
293 53
294 56
295 67
296 43
297 48
298 52
299 30
300 28
301 23
302 36
303 32
304 32
305 30
306 21
307 27
308 33
309 31
310 26
311 38
312 47
313 40
314 39
315 31
316 32
317 42
318 38
319 40
320 37
321 37
322 27
323 30
324 29
325 26
326 22
327 21
328 20
329 15
330 16
331 17
332 18
333 9
334 16
335 12
336 24
337 28
338 26
339 23
340 25
341 29
342 21
343 15
344 15
345 14
346 12
347 20
348 17
349 12
350 24
351 15
352 12
353 19
354 26
355 17
356 28
357 25
358 33
359 35
360 25
361 34
362 37
363 29
364 28
365 24
366 19
367 24
368 21
369 6
370 18
371 18
372 14
373 11
374 15
375 19
376 11
377 13
378 17
379 13
380 10
381 8
382 8
383 13
384 23
385 18
386 14
387 13
388 17
389 12
390 20
391 16
392 20
393 23
394 23
395 21
396 17
397 11
398 26
399 14
400 19
401 14
402 22
403 16
404 25
405 10
406 23
407 17
408 24
409 19
410 13
411 17
412 13
413 14
414 15
415 14
416 13
417 11
418 9
419 13
420 13
421 14
422 15
423 19
424 19
425 21
426 25
427 19
428 21
429 26
430 20
431 35
432 22
433 18
434 22
435 14
436 11
437 15
438 11
439 6
440 7
441 8
442 11
443 12
444 5
445 8
446 2
447 8
448 4
449 5
450 12
451 7
452 8
453 13
454 17
455 10
456 10
457 13
458 12
459 8
460 13
461 15
462 10
463 14
464 14
465 18
466 22
467 25
468 25
469 19
470 30
471 24
472 28
473 45
474 32
475 32
476 26
477 30
478 42
479 33
480 28
481 36
482 32
483 27
484 28
485 49
486 50
487 32
488 46
489 38
490 36
491 36
492 35
493 46
494 39
495 36
496 43
497 34
498 30
499 43
500 40
501 46
502 37
503 36
504 49
505 37
506 33
507 48
508 38
509 58
510 47
511 47
512 41
513 58
514 58
515 50
516 51
517 66
518 62
519 62
520 77
521 72
522 53
523 81
524 69
525 86
526 73
527 80
528 89
529 87
530 91
531 78
532 67
533 83
534 72
535 90
536 68
537 76
538 71
539 68
540 78
541 69
542 79
543 63
544 77
545 71
546 83
547 65
548 76
549 67
550 72
551 86
552 60
553 70
554 58
555 96
556 76
557 95
558 81
559 82
560 99
561 95
562 96
563 77
564 80
565 91
566 78
567 90
568 97
569 84
570 91
571 82
572 121
573 108
574 105
575 112
576 111
577 109
578 109
579 93
580 115
581 117
582 85
583 92
584 121
585 102
586 98
587 99
588 119
589 113
590 109
591 117
592 90
593 105
594 109
595 114
596 126
597 121
598 117
599 112
600 101
601 110
602 106
603 108
604 112
605 102
606 116
607 100
608 108
609 101
610 91
611 120
612 96
613 99
614 122
615 135
616 115
617 106
618 116
619 100
620 119
621 90
622 94
623 122
624 116
625 123
626 130
627 160
628 135
629 124
630 130
631 115
632 122
633 125
634 129
635 126
636 108
637 112
638 127
639 105
640 104
641 82
642 99
643 87
644 75
645 72
646 64
647 81
648 62
649 89
650 91
651 77
652 58
653 62
654 74
655 64
656 60
657 72
658 62
659 70
660 58
661 57
662 57
663 64
664 82
665 60
666 59
667 71
668 64
669 54
670 55
671 52
672 67
673 62
674 39
675 54
676 43
677 47
678 39
679 38
680 41
681 42
682 41
683 53
684 46
685 39
686 42
687 37
688 37
689 38
690 43
691 43
692 33
693 37
694 33
695 36
696 40
697 27
698 31
699 28
700 26
701 37
702 30
703 29
704 35
705 35
706 30
707 22
708 35
709 18
710 18
711 14
712 16
713 15
714 20
715 15
716 17
717 21
718 20
719 17
720 14
721 19
722 16
723 16
724 10
725 27
726 14
727 19
728 21
729 17
730 18
731 27
732 16
733 14
734 18
735 15
736 14
737 17
738 18
739 13
740 10
741 8
742 8
743 21
744 15
745 12
746 12
747 7
748 17
749 19
750 30
751 18
752 15
753 23
754 26
755 25
756 14
757 21
758 20
759 19
760 14
761 16
762 17
763 17
764 18
765 19
766 14
767 18
768 15
769 23
770 19
771 16
772 17
773 15
774 19
775 12
776 15
777 16
778 15
779 3
780 22
781 19
782 12
783 12
784 7
785 9
786 16
787 8
788 8
789 7
790 6
791 9
792 10
793 2
794 4
795 4
796 8
797 8
798 2
799 4
800 4
801 2
802 5
803 2
804 3
805 2
806 1
807 3
808 2
809 3
810 3
811 2
812 2
813 1
815 3
816 1
817 4
818 2
819 1
820 2
821 3
822 2
823 1
824 2
825 1
826 4
827 2
828 3
829 1
830 4
832 10
833 3
834 7
835 6
836 5
837 9
838 2
839 9
841 3
842 4
843 6
844 3
845 3
846 7
847 3
848 2
849 3
850 6
851 2
852 3
853 1
854 5
855 3
856 1
857 1
859 2
860 2
861 1
862 1
863 1
864 2
865 1
866 1
869 1
870 3
871 1
872 2
873 1
876 1
877 1
878 1
879 1
880 3
881 4
882 1
884 1
886 5
887 1
888 2
889 6
890 3
891 4
892 5
893 4
894 4
895 2
896 4
897 2
898 2
899 4
900 2
901 3
902 2
903 2
904 3
905 2
906 3
907 2
909 1
910 1
951 1
953 1
1012 1
1024 1
1026 1
1028 1
1036 1
1092 1
1122 1
1125 1
1364 1
1365 1
1367 1
1369 1
1371 1
1375 1
1376 2
2005 1
2010 1
2021 1
2024 2
2026 1
2027 1
2028 2
2029 2
2030 2
2033 1
6473 1
