1 4498435
2 111401
3 19552
4 9088
5 5024
6 3362
7 2299
8 1387
9 1009
10 873
11 578
12 398
13 269
14 242
15 153
16 124
17 105
18 61
19 55
20 63
21 40
22 47
23 69
24 60
25 76
26 107
27 142
28 178
29 172
30 199
31 267
32 386
33 396
34 500
35 579
36 709
37 889
38 995
39 1101
40 1434
41 1625
42 1993
43 2488
44 3147
45 4342
46 5536
47 6803
48 8379
49 10277
50 12712
51 15397
52 18486
53 21997
54 26204
55 30872
56 35596
57 40643
58 47083
59 52295
60 58825
61 65038
62 72168
63 78816
64 84758
65 89748
66 94843
67 99061
68 103384
69 107701
70 110717
71 113239
72 114263
73 115826
74 116081
75 116561
76 115500
77 114978
78 112524
79 110825
80 108841
81 105212
82 101197
83 97140
84 91155
85 87483
86 83000
87 78279
88 74316
89 69168
90 64695
91 59478
92 54094
93 49382
94 44979
95 40552
96 36883
97 33384
98 29256
99 26118
100 22872
101 19783
102 17475
103 15241
104 12913
105 11075
106 9309
107 7908
108 6638
109 5622
110 4881
111 4062
112 3373
113 2739
114 2265
115 1859
116 1527
117 1220
118 949
119 781
120 616
121 455
122 396
123 386
124 311
125 261
126 264
127 228
128 221
129 211
130 207
131 210
132 218
133 250
134 262
135 268
136 327
137 354
138 363
139 399
140 403
141 383
142 439
143 445
144 546
145 483
146 491
147 506
148 532
149 491
150 443
151 527
152 493
153 472
154 492
155 512
156 563
157 523
158 509
159 475
160 519
161 496
162 499
163 439
164 418
165 431
166 463
167 447
168 448
169 471
170 437
171 398
172 382
173 380
174 354
175 316
176 272
177 254
178 248
179 271
180 249
181 242
182 227
183 258
184 218
185 210
186 222
187 186
188 165
189 141
190 118
191 102
192 95
193 93
194 91
195 65
196 72
197 83
198 69
199 69
200 56
201 63
202 53
203 51
204 38
205 49
206 27
207 32
208 26
209 29
210 29
211 22
212 25
213 27
214 25
215 27
216 40
217 27
218 31
219 39
220 34
221 34
222 34
223 39
224 27
225 24
226 26
227 21
228 25
229 26
230 17
231 25
232 23
233 29
234 24
235 18
236 19
237 27
238 30
239 25
240 30
241 33
242 51
243 55
244 66
245 58
246 53
247 74
248 55
249 37
250 37
251 45
252 51
253 44
254 30
255 30
256 27
257 22
258 16
259 18
260 26
261 22
262 25
263 29
264 20
265 24
266 26
267 24
268 17
269 20
270 18
271 24
272 22
273 14
274 17
275 23
276 15
277 22
278 12
279 22
280 21
281 26
282 18
283 26
284 22
285 19
286 18
287 30
288 16
289 23
290 28
291 20
292 23
293 35
294 37
295 34
296 26
297 15
298 27
299 25
300 22
301 22
302 18
303 19
304 14
305 17
306 18
307 16
308 22
309 16
310 14
311 16
312 9
313 11
314 15
315 7
316 12
317 5
318 8
319 3
320 8
321 7
322 7
323 8
324 7
325 6
326 4
327 1
328 4
329 5
330 4
331 5
332 2
333 3
334 5
335 6
336 2
337 3
339 5
341 2
342 3
343 2
345 4
346 6
347 4
348 6
349 11
350 13
351 11
352 3
353 9
354 20
355 8
356 10
357 10
358 9
359 7
360 5
361 4
362 4
363 6
364 9
365 5
366 4
367 5
368 5
369 12
370 9
371 7
372 6
373 8
374 3
375 7
376 6
377 5
378 9
379 4
380 7
381 7
382 2
383 5
384 5
385 7
386 7
387 2
388 3
389 7
390 6
391 4
392 8
393 8
394 7
395 6
396 4
397 5
398 6
399 6
400 4
401 3
402 7
403 4
404 5
405 10
406 7
407 14
408 5
409 4
410 7
411 6
412 4
413 13
414 4
415 8
416 7
417 9
418 6
419 5
420 3
421 10
422 6
423 14
424 8
425 11
426 5
427 6
428 5
429 6
430 9
431 4
432 9
433 9
434 11
435 6
436 8
437 8
438 6
439 8
440 6
441 16
442 10
443 11
444 12
445 9
446 15
447 8
448 7
449 10
450 11
451 8
452 7
453 12
454 15
455 17
456 15
457 20
458 10
459 9
460 7
461 8
462 21
463 14
464 12
465 14
466 22
467 15
468 11
469 21
470 12
471 20
472 12
473 28
474 21
475 22
476 31
477 29
478 20
479 33
480 25
481 30
482 32
483 38
484 47
485 48
486 61
487 47
488 39
489 47
490 57
491 49
492 52
493 70
494 56
495 64
496 60
497 55
498 63
499 63
500 84
501 80
502 73
503 83
504 74
505 66
506 63
507 78
508 64
509 69
510 76
511 69
512 73
513 73
514 68
515 65
516 60
517 49
518 63
519 52
520 47
521 64
522 51
523 52
524 64
525 64
526 71
527 77
528 76
529 56
530 54
531 65
532 61
533 61
534 46
535 75
536 67
537 63
538 54
539 59
540 45
541 54
542 48
543 49
544 67
545 49
546 40
547 40
548 53
549 34
550 35
551 32
552 31
553 27
554 21
555 26
556 20
557 18
558 17
559 20
560 12
561 14
562 9
563 13
564 7
565 6
566 7
567 4
568 10
569 9
570 10
571 7
572 7
573 21
574 12
575 15
576 12
577 7
578 7
579 7
580 6
581 8
582 8
583 3
584 4
585 1
586 1
587 2
588 4
589 4
590 3
591 4
592 7
593 6
594 1
595 2
599 1
601 2
602 3
603 1
604 1
605 1
606 1
607 2
609 3
610 1
611 3
612 2
613 6
615 1
616 2
617 2
618 1
620 3
634 1
635 1
636 1
637 2
639 3
640 4
642 2
643 2
645 4
646 1
647 2
648 3
649 7
650 4
651 2
652 2
653 1
654 3
655 1
656 3
657 1
658 1
659 3
660 2
661 6
662 2
663 2
665 2
666 1
668 3
669 2
670 2
671 3
672 1
673 8
674 5
675 7
676 5
677 2
678 1
679 1
681 2
682 3
683 2
684 3
685 2
686 2
687 3
688 3
689 3
690 1
691 2
692 2
693 3
694 1
698 1
700 1
701 1
702 1
704 2
706 1
707 1
708 1
709 2
714 1
724 1
733 2
739 2
740 2
741 2
743 1
744 1
745 1
747 2
748 1
749 1
751 3
752 1
753 2
755 3
756 2
757 1
758 3
759 3
760 1
761 4
762 2
763 4
765 2
767 2
768 1
769 1
773 4
774 1
775 3
776 1
777 2
778 3
779 2
780 2
781 1
782 3
783 1
784 1
785 2
786 2
787 1
788 1
789 3
790 3
791 5
792 2
793 3
794 2
795 4
796 2
797 3
798 3
799 3
800 2
801 2
802 5
803 3
804 3
808 2
812 1
813 1
816 1
827 1
830 1
831 1
832 1
833 1
835 1
836 1
842 1
843 1
845 2
848 2
851 1
855 2
856 1
858 1
861 1
866 1
869 1
872 1
873 4
876 1
877 1
878 2
880 3
881 2
882 1
884 3
885 4
886 1
887 2
888 4
890 1
891 1
892 1
893 1
894 1
895 2
896 1
897 1
898 2
940 1
942 1
944 2
946 1
947 1
948 1
949 1
950 1
951 4
952 1
953 4
954 1
958 2
959 2
960 3
961 3
962 1
965 1
966 1
967 1
968 1
969 2
970 1
971 1
974 4
975 1
976 4
979 3
983 1
984 1
985 1
986 1
991 2
992 1
994 1
995 1
997 2
998 1
1000 1
1011 2
1013 1
1014 1
1016 1
1018 1
1021 1
1022 2
1023 1
1024 1
1025 1
1026 2
1027 4
1028 1
1029 2
1032 1
1033 2
1034 1
1038 2
1039 1
1040 4
1041 2
1042 1
1043 1
1044 2
1045 4
1046 1
1048 3
1049 5
1050 3
1052 5
1053 3
1054 8
1055 3
1056 1
1057 6
1058 3
1059 5
1060 4
1061 2
1062 6
1063 7
1064 6
1065 2
1066 1
1067 4
1068 4
1069 5
1070 6
1071 3
1072 3
1073 3
1074 4
1075 4
1076 1
1077 5
1078 6
1079 3
1080 4
1081 3
1082 2
1083 2
1084 5
1085 1
1086 1
1087 2
1088 3
1089 3
1090 1
1091 1
1092 3
1093 1
1094 3
1095 2
1096 3
1097 1
1098 1
1100 1
1101 1
1103 1
1104 1
1105 1
1106 1
1107 1
1195 1
1196 1
1198 1
1199 1
1200 1
1206 1
1208 2
1209 1
1212 2
1214 1
1220 2
1225 1
1228 1
1236 1
1239 1
1242 1
1243 3
1246 1
1247 1
1252 1
1253 1
1256 1
1261 1
1263 2
1266 1
1325 1
1330 1
1335 1
1339 1
1340 1
1341 1
1343 1
1344 1
1346 2
1347 1
1350 1
1352 1
1591 1
1595 1
1599 2
1600 1
1601 1
1603 3
1604 1
1607 1
1608 1
1609 2
1610 1
1611 2
1612 2
1613 1
1614 1
1615 3
1616 2
1617 1
1618 2
1620 1
1621 2
1623 1
1624 1
1626 3
1627 1
1629 1
1630 2
1631 1
1632 2
1633 2
1634 2
1635 1
1637 2
1638 1
1639 3
1640 3
1641 1
1642 2
1643 1
1644 4
1645 1
1646 1
1647 4
1648 2
1649 3
1650 2
1651 2
1652 3
1653 1
1654 4
1655 1
1656 4
1657 1
1658 7
1659 2
1660 4
1661 1
1662 4
1663 4
1664 3
1665 7
1666 5
1667 4
1668 1
1669 3
1670 1
1671 8
1672 2
1673 2
1674 3
1675 1
1676 2
1677 3
1678 6
1679 2
1680 4
1681 5
1682 2
1683 7
1684 2
1685 3
1686 1
1687 3
1688 1
1689 3
1690 2
1691 5
1692 4
1693 2
1694 5
1695 5
1696 4
1698 5
1699 4
1700 3
1701 5
1702 2
1703 2
1704 2
1705 1
1706 4
1707 1
1708 5
1709 5
1710 1
1711 5
1712 4
1713 3
1714 3
1715 4
1716 1
1717 7
1718 2
1719 6
1720 3
1721 3
1722 5
1723 3
1724 5
1725 3
1727 4
1729 2
1730 2
1731 3
1732 1
1733 3
1734 4
1735 6
1736 4
1737 3
1738 2
1739 2
1740 3
1741 4
1742 5
1743 7
1744 3
1745 4
1746 8
1747 4
1748 2
1749 4
1750 5
1751 3
1752 4
1753 7
1754 4
1755 2
1756 4
1757 3
1758 4
1759 10
1760 2
1761 2
1762 3
1763 2
1764 1
1765 2
1766 1
1767 2
1768 3
1769 3
1770 3
1771 2
1773 6
1774 4
1775 2
1776 5
1777 5
1778 1
1779 4
1780 6
1781 2
1782 3
1783 3
1784 3
1785 1
1786 7
1787 8
1788 3
1789 5
1790 1
1791 5
1792 5
1793 4
1794 8
1795 2
1796 8
1797 3
1798 6
1799 7
1800 4
1801 6
1802 7
1803 10
1804 5
1805 13
1806 4
1807 9
1808 10
1809 7
1810 7
1811 10
1812 12
1813 8
1814 5
1815 12
1816 9
1817 4
1818 10
1819 9
1820 8
1821 7
1822 11
1823 14
1824 7
1825 11
1826 6
1827 9
1828 15
1829 10
1830 9
1831 15
1832 6
1833 15
1834 7
1835 5
1836 6
1837 3
1838 6
1839 1
1840 7
1841 3
1842 3
1843 4
1844 5
1845 9
1846 5
1847 3
1848 8
1849 5
1850 7
1851 3
1852 5
1853 3
1854 5
1855 5
1856 3
1857 4
1858 6
1859 5
1860 1
1862 2
1864 2
1865 1
1866 6
1867 1
1868 4
1869 4
1870 3
1871 4
1872 3
1873 4
1874 2
1875 5
1876 5
1877 5
1878 2
1879 2
1881 2
1882 3
1884 1
1886 1
1887 1
1888 1
1890 1
1891 1
1895 1
1901 1
1903 1
1918 1
1926 1
1931 1
1934 2
1936 2
1941 1
1944 1
1948 1
1954 1
1967 1
5053 1
