1 5236433
2 146627
3 25181
4 10799
5 6116
6 3622
7 2512
8 1822
9 1240
10 910
11 632
12 533
13 388
14 354
15 203
16 230
17 165
18 117
19 88
20 91
21 49
22 41
23 25
24 28
25 39
26 39
27 28
28 54
29 43
30 54
31 104
32 102
33 131
34 134
35 219
36 267
37 310
38 374
39 429
40 545
41 664
42 838
43 1012
44 1190
45 1531
46 1854
47 2265
48 2840
49 3499
50 4218
51 5288
52 6625
53 7905
54 9383
55 11213
56 13466
57 16389
58 18886
59 22256
60 26219
61 29861
62 33929
63 38594
64 44151
65 48856
66 54184
67 58822
68 64711
69 70451
70 76106
71 81901
72 87334
73 93360
74 98331
75 102651
76 107246
77 110704
78 113746
79 116167
80 117855
81 118084
82 118031
83 118163
84 116653
85 115593
86 113288
87 110462
88 106318
89 101996
90 98812
91 93787
92 88349
93 82825
94 77224
95 71596
96 65605
97 59977
98 54206
99 49690
100 45487
101 40841
102 36393
103 32426
104 29023
105 25293
106 21796
107 19340
108 16724
109 14254
110 12396
111 10514
112 8791
113 7385
114 6061
115 5110
116 4145
117 3461
118 2802
119 2344
120 1988
121 1669
122 1378
123 1129
124 973
125 691
126 562
127 541
128 416
129 385
130 314
131 294
132 288
133 269
134 240
135 250
136 229
137 239
138 259
139 247
140 293
141 320
142 348
143 329
144 346
145 350
146 341
147 401
148 380
149 349
150 345
151 366
152 370
153 412
154 455
155 517
156 582
157 620
158 573
159 599
160 631
161 602
162 596
163 627
164 699
165 688
166 688
167 639
168 623
169 602
170 538
171 537
172 519
173 489
174 526
175 559
176 554
177 457
178 471
179 522
180 486
181 467
182 431
183 460
184 473
185 488
186 431
187 422
188 442
189 443
190 445
191 424
192 433
193 415
194 393
195 371
196 410
197 349
198 348
199 345
200 349
201 365
202 321
203 300
204 303
205 330
206 326
207 298
208 248
209 276
210 226
211 209
212 213
213 232
214 195
215 194
216 173
217 170
218 153
219 157
220 146
221 121
222 129
223 114
224 94
225 92
226 74
227 80
228 89
229 83
230 85
231 82
232 78
233 84
234 77
235 87
236 89
237 78
238 75
239 60
240 45
241 46
242 48
243 59
244 58
245 61
246 53
247 54
248 39
249 48
250 41
251 44
252 49
253 38
254 55
255 40
256 36
257 35
258 36
259 36
260 28
261 23
262 37
263 19
264 27
265 36
266 45
267 45
268 32
269 41
270 34
271 50
272 37
273 34
274 40
275 47
276 37
277 47
278 33
279 34
280 31
281 31
282 35
283 39
284 33
285 20
286 45
287 33
288 21
289 24
290 32
291 36
292 27
293 30
294 24
295 24
296 30
297 27
298 25
299 21
300 15
301 16
302 17
303 12
304 27
305 25
306 13
307 22
308 15
309 12
310 17
311 12
312 18
313 13
314 11
315 10
316 17
317 8
318 13
319 12
320 12
321 24
322 11
323 8
324 12
325 9
326 3
327 8
328 5
329 4
330 4
331 3
332 2
333 6
334 2
335 2
336 5
337 5
338 4
339 7
340 6
341 6
342 4
343 4
344 3
345 3
347 4
348 2
349 5
350 8
351 4
352 5
353 4
354 3
355 3
356 5
357 5
358 7
359 7
360 7
361 12
362 5
363 6
364 5
366 6
367 5
368 4
369 5
370 3
371 2
372 4
373 6
374 3
375 5
376 4
377 1
378 1
379 2
380 4
381 6
382 4
383 6
384 5
385 8
386 13
387 9
388 12
389 18
390 15
391 21
392 19
393 18
394 14
395 15
396 12
397 7
398 6
399 4
400 9
401 9
402 10
403 15
404 7
405 9
406 10
407 12
408 17
409 14
410 16
411 16
412 16
413 12
414 14
415 13
416 11
417 8
418 12
419 4
420 10
421 9
422 7
423 13
424 14
425 13
426 17
427 19
428 27
429 28
430 27
431 28
432 22
433 19
434 17
435 11
436 10
437 11
438 16
439 24
440 21
441 13
442 23
443 17
444 15
445 13
446 14
447 17
448 13
449 12
450 18
451 16
452 16
453 14
454 12
455 7
456 14
457 15
458 11
459 16
460 18
461 6
462 6
463 7
464 8
465 6
466 5
467 4
468 3
469 6
470 3
471 3
472 5
473 7
474 5
475 9
476 5
477 2
478 3
479 3
480 4
481 9
482 1
483 3
484 2
485 5
486 4
487 9
488 4
489 6
490 3
491 3
492 9
493 4
494 4
496 2
500 4
501 1
502 4
503 2
504 10
505 3
506 5
507 11
508 8
509 11
510 10
511 6
512 15
513 13
514 15
515 10
516 19
517 16
518 24
519 13
520 25
521 21
522 31
523 31
524 35
525 24
526 30
527 43
528 40
529 36
530 39
531 48
532 43
533 50
534 47
535 47
536 34
537 46
538 51
539 56
540 41
541 48
542 48
543 57
544 50
545 41
546 43
547 40
548 40
549 48
550 48
551 36
552 51
553 42
554 57
555 39
556 64
557 57
558 56
559 58
560 59
561 54
562 57
563 63
564 54
565 70
566 67
567 71
568 69
569 73
570 72
571 66
572 66
573 72
574 76
575 70
576 66
577 64
578 74
579 58
580 71
581 66
582 60
583 62
584 48
585 49
586 53
587 52
588 64
589 76
590 62
591 59
592 43
593 48
594 43
595 41
596 37
597 31
598 52
599 29
600 45
601 48
602 49
603 45
604 33
605 34
606 45
607 39
608 40
609 34
610 34
611 34
612 28
613 33
614 30
615 35
616 29
617 27
618 19
619 17
620 21
621 17
622 14
623 15
624 19
625 8
626 11
627 9
628 10
629 16
630 11
631 10
632 12
633 10
634 9
635 7
636 18
637 5
638 5
639 7
640 5
641 11
642 5
643 6
644 13
645 6
646 6
647 4
648 5
649 5
650 1
651 5
652 1
653 2
654 2
655 2
656 4
657 7
659 4
660 2
661 4
662 4
663 5
664 3
665 3
666 5
667 5
668 5
669 1
670 5
671 5
672 5
673 5
674 5
675 1
676 2
677 4
678 2
680 3
681 1
682 1
683 2
686 1
687 2
688 1
689 4
690 5
692 1
693 1
694 2
695 2
696 2
697 1
699 1
700 1
701 1
702 1
703 1
704 2
707 2
708 2
710 2
711 4
712 1
713 5
715 5
716 2
717 3
718 1
719 4
721 2
722 3
723 3
724 2
725 3
726 3
727 5
729 2
730 2
731 4
732 8
733 4
734 2
735 4
736 8
737 3
738 2
739 2
740 5
741 7
742 6
743 4
744 4
745 7
746 1
747 7
748 4
749 3
750 6
751 9
752 5
753 4
754 4
755 6
756 7
757 6
758 6
759 11
760 6
761 5
762 5
763 7
764 1
765 3
766 1
767 6
768 5
769 5
770 9
771 8
772 6
773 3
774 10
775 13
776 10
777 7
778 6
779 3
780 13
781 10
782 12
783 5
784 4
785 8
786 5
787 4
788 8
789 5
790 6
791 7
792 7
793 10
794 12
795 6
796 5
797 5
798 3
799 5
800 6
801 6
802 6
803 4
804 3
805 4
806 3
807 6
808 1
809 4
810 2
811 2
812 2
813 3
814 2
815 1
816 4
817 2
818 6
819 5
820 5
821 6
822 5
823 4
824 4
825 6
826 6
827 2
828 5
829 7
830 7
831 2
832 2
833 6
834 8
835 4
836 4
837 3
838 3
839 4
840 4
841 2
842 7
843 3
844 1
845 7
846 8
847 5
848 2
849 8
850 5
851 7
852 10
853 9
854 13
855 4
856 6
857 6
858 5
859 4
860 7
861 7
862 4
863 6
864 7
865 6
866 7
867 3
868 5
869 4
870 4
871 4
872 7
873 5
874 2
875 2
876 2
877 4
878 2
879 1
880 3
881 3
882 2
883 1
885 3
890 1
894 1
897 1
899 1
911 2
912 1
915 1
919 1
921 1
922 1
976 1
977 1
978 1
979 4
980 3
981 6
982 2
983 2
985 1
986 7
987 2
988 2
989 4
990 1
991 1
992 4
993 2
994 1
995 3
996 1
997 2
999 1
1000 1
1002 3
1003 1
1007 1
1008 1
1010 1
1052 1
1053 1
1054 1
1057 2
1058 1
1061 1
1062 1
1066 1
1067 1
1068 1
1069 3
1070 3
1071 2
1072 5
1073 5
1074 3
1075 4
1076 7
1077 6
1078 4
1079 6
1080 8
1081 3
1082 9
1083 5
1084 8
1085 8
1086 6
1087 10
1088 6
1089 4
1090 5
1091 4
1092 7
1093 2
1094 5
1095 3
1096 1
1097 6
1098 4
1099 1
1100 4
1101 1
1102 1
1103 1
1106 1
1109 2
1110 1
1111 1
1112 2
1113 1
1114 2
1115 1
1116 2
1117 1
1118 1
1119 2
1121 1
1122 1
1123 1
1124 4
1125 4
1126 3
1127 1
1128 1
1129 1
1132 1
1133 1
1135 2
1137 1
1140 1
1141 1
1142 3
1144 1
1145 2
1146 1
1147 1
1150 1
1152 2
1153 1
1158 2
1164 1
1165 1
1166 1
1168 1
1169 1
1171 1
1172 2
1173 2
1176 1
1179 2
1180 1
1181 3
1182 5
1185 1
1188 1
1189 1
1191 1
1192 2
1194 2
1196 1
1197 1
1198 3
1199 1
1200 7
1201 2
1202 5
1203 5
1204 6
1205 1
1206 5
1207 4
1208 2
1209 11
1210 5
1211 4
1212 5
1213 9
1214 7
1215 4
1216 3
1217 3
1218 2
1219 3
1220 5
1221 5
1222 8
1223 6
1224 6
1225 7
1226 3
1227 2
1228 4
1229 1
1230 4
1232 3
1233 3
1234 2
1235 1
1236 1
1239 2
1240 1
1242 3
1243 1
1244 1
1245 1
1252 1
1254 1
1257 1
1259 2
1267 1
1277 3
1279 1
1280 2
1282 2
1286 2
1287 1
1291 1
1292 1
1295 1
1296 1
1300 1
1308 1
1315 1
1323 1
1337 1
1338 1
1342 2
1343 1
1344 1
1348 1
1350 1
1351 1
1353 1
1356 2
1359 1
2055 1
2058 1
2061 2
2063 1
2068 1
2074 1
2075 1
2077 2
2083 1
2089 3
2091 1
2093 1
2101 1
2104 1
2107 1
2114 1
2121 1
2139 1
2144 3
2147 1
2148 1
2150 1
2151 3
2154 1
2156 2
2157 1
2159 2
2164 2
2166 3
2167 1
2168 2
2169 1
2170 1
2171 1
2172 1
2173 4
2174 1
2175 2
2176 1
2178 2
2179 1
2180 1
2182 2
2183 1
2184 1
2185 4
2186 1
2187 1
2188 2
2189 1
2190 3
2194 3
2195 1
2196 4
2197 5
2198 2
2199 1
2200 3
2201 1
2202 3
2203 5
2204 4
2205 4
2206 3
2207 6
2208 2
2209 7
2210 2
2211 4
2212 3
2213 3
2214 1
2215 4
2216 5
2217 4
2218 1
2220 5
2221 3
2222 3
2223 1
2224 3
2225 3
2226 4
2227 2
2228 1
2229 1
2231 2
2232 3
2233 1
2234 2
2235 2
2236 1
2237 2
2238 1
2239 1
2240 1
2241 3
2242 2
2243 1
2244 3
2245 1
2246 1
2247 2
2248 1
2249 1
2250 3
2251 2
2252 1
2254 1
2255 3
2256 1
2258 1
2259 2
2262 2
2264 1
2268 1
2270 1
2272 3
2273 2
2274 2
2277 2
2279 2
2280 1
2281 1
2282 1
2283 3
2285 2
2286 3
2287 2
2288 1
2290 1
2291 1
2293 1
2295 1
2296 1
2297 1
2298 1
2300 2
2301 3
2302 1
2303 1
2306 1
2308 1
2309 1
2312 2
2315 2
2316 2
2318 1
2319 2
2321 3
2322 1
2323 3
2324 1
2325 1
2326 4
2327 4
2328 2
2329 3
2330 3
2331 1
2332 5
2333 3
2334 1
2335 2
2336 10
2337 3
2338 4
2339 4
2340 3
2341 6
2342 5
2343 1
2344 5
2345 5
2346 3
2347 6
2348 3
2349 3
2350 4
2351 7
2352 7
2353 3
2354 5
2355 5
2356 3
2357 1
2358 4
2359 2
2360 2
2361 8
2362 2
2363 4
2364 3
2365 3
2366 1
2367 3
2368 3
2369 6
2370 7
2371 1
2372 4
2373 2
2374 7
2375 3
2376 4
2377 3
2378 6
2379 1
2380 6
2381 5
2382 3
2383 6
2384 7
2385 6
2386 2
2387 4
2388 9
2389 2
2390 3
2391 3
2392 5
2393 5
2394 6
2395 3
2396 6
2397 2
2398 1
2399 3
2400 2
2401 4
2402 3
2403 2
2404 2
2405 2
2406 2
2407 2
2408 4
2410 5
2412 2
2414 5
2415 2
2416 4
2417 9
2418 5
2419 4
2420 7
2421 10
2422 2
2423 7
2424 4
2425 5
2426 5
2427 5
2428 5
2429 7
2430 10
2431 7
2432 8
2433 4
2434 7
2435 6
2436 5
2437 4
2438 5
2439 9
2440 5
2441 9
2442 9
2443 7
2444 4
2445 10
2446 4
2447 8
2448 6
2449 11
2450 10
2451 4
2452 4
2453 4
2454 3
2455 11
2456 6
2457 5
2458 4
2459 6
2460 4
2461 4
2462 3
2463 2
2464 4
2465 3
2466 1
2467 1
2468 1
2469 2
2470 3
2471 1
2472 5
2473 3
2475 3
2476 4
2477 4
2478 1
2479 3
2480 4
2481 5
2482 3
2483 4
2484 4
2485 3
2486 4
2487 4
2489 2
2490 3
2491 3
2492 3
2493 3
2494 1
2496 1
2497 3
2499 2
2500 1
2501 2
2504 2
2505 1
2506 3
2508 4
2509 1
2510 1
2511 1
2513 1
2515 2
2516 1
2517 4
2519 1
2520 1
2521 1
2523 1
2526 1
2527 1
2528 2
2529 2
2530 1
2531 3
2532 2
2533 4
2534 1
2535 1
2536 1
2538 1
2539 2
2541 4
2542 2
2544 2
2545 2
2547 1
2548 3
2549 1
2550 3
2551 1
2552 1
2553 1
2554 3
2557 1
2559 1
2561 2
2562 2
2564 1
2565 2
2566 1
2567 1
2569 1
2570 2
2571 2
2574 1
2575 4
2578 1
2579 1
2581 1
2582 2
2585 3
2586 1
2588 1
2592 2
2817 1
2830 1
2845 1
2853 1
2857 1
3705 1
