1 10848607
2 345704
3 50132
4 18283
5 9152
6 5439
7 3513
8 2205
9 1471
10 1160
11 824
12 723
13 526
14 365
15 337
16 236
17 140
18 106
19 121
20 77
21 67
22 56
23 45
24 48
25 32
26 31
27 30
28 37
29 27
30 47
31 43
32 56
33 56
34 71
35 56
36 70
37 102
38 155
39 190
40 266
41 270
42 345
43 392
44 441
45 503
46 621
47 707
48 746
49 789
50 812
51 947
52 1094
53 1273
54 1418
55 1562
56 1823
57 2144
58 2605
59 3179
60 3911
61 4520
62 5668
63 7094
64 8506
65 10315
66 12311
67 14390
68 17094
69 20314
70 23611
71 26899
72 31017
73 35144
74 40296
75 44760
76 49986
77 55517
78 61123
79 66759
80 73987
81 79700
82 84493
83 89886
84 93979
85 99062
86 102367
87 105994
88 109055
89 111413
90 113031
91 114907
92 114697
93 114558
94 113189
95 111865
96 109811
97 109067
98 106020
99 101707
100 97650
101 93324
102 88203
103 83579
104 78530
105 73126
106 69598
107 64403
108 59503
109 55300
110 50642
111 46541
112 42291
113 38181
114 34320
115 30763
116 27240
117 24052
118 21050
119 18364
120 15496
121 13516
122 11827
123 10308
124 8785
125 7556
126 6264
127 5278
128 4206
129 3695
130 3015
131 2468
132 2005
133 1723
134 1532
135 1220
136 957
137 835
138 716
139 527
140 426
141 332
142 291
143 264
144 227
145 265
146 247
147 212
148 211
149 223
150 243
151 193
152 210
153 206
154 237
155 234
156 224
157 206
158 217
159 237
160 248
161 291
162 307
163 380
164 401
165 425
166 428
167 499
168 537
169 569
170 621
171 624
172 671
173 692
174 698
175 715
176 780
177 713
178 668
179 705
180 698
181 716
182 721
183 794
184 780
185 768
186 852
187 875
188 895
189 892
190 859
191 814
192 864
193 775
194 788
195 845
196 880
197 894
198 878
199 842
200 828
201 835
202 800
203 789
204 774
205 731
206 697
207 652
208 610
209 588
210 618
211 554
212 552
213 509
214 483
215 441
216 445
217 390
218 398
219 321
220 300
221 295
222 260
223 266
224 234
225 249
226 219
227 198
228 176
229 146
230 120
231 122
232 102
233 97
234 83
235 85
236 79
237 66
238 57
239 78
240 62
241 70
242 42
243 46
244 45
245 50
246 47
247 41
248 29
249 29
250 44
251 32
252 37
253 44
254 38
255 36
256 29
257 27
258 28
259 34
260 35
261 44
262 44
263 37
264 41
265 39
266 30
267 28
268 39
269 35
270 38
271 33
272 34
273 35
274 21
275 25
276 24
277 21
278 19
279 19
280 26
281 36
282 36
283 36
284 35
285 36
286 32
287 33
288 34
289 25
290 34
291 29
292 16
293 19
294 20
295 26
296 51
297 33
298 41
299 40
300 32
301 42
302 40
303 32
304 42
305 37
306 33
307 35
308 31
309 33
310 27
311 16
312 37
313 16
314 22
315 20
316 19
317 15
318 12
319 13
320 16
321 14
322 8
323 6
324 9
325 5
326 13
327 7
328 11
329 15
330 16
331 12
332 18
333 8
334 15
335 13
336 14
337 17
338 25
339 18
340 18
341 13
342 3
343 10
344 7
345 10
346 8
347 6
348 6
349 6
350 4
351 5
352 3
353 3
354 3
355 4
356 7
357 7
358 2
359 4
360 4
361 3
362 4
363 1
364 2
365 3
366 3
367 1
374 1
375 1
377 2
378 3
379 1
380 5
381 3
382 2
383 1
385 1
387 2
388 1
389 2
390 4
391 4
392 4
393 6
394 4
395 6
396 3
397 3
398 5
399 7
400 8
401 3
402 5
403 5
404 2
405 4
407 3
408 4
409 2
410 4
411 3
412 4
413 6
414 8
415 2
416 5
417 6
418 6
419 2
420 8
421 4
422 6
423 4
424 6
425 2
426 8
427 10
428 13
429 9
430 7
431 8
432 2
433 5
434 3
435 3
436 1
437 4
438 5
439 5
440 6
441 7
442 4
443 2
444 3
446 4
447 3
448 2
449 2
450 1
451 1
452 4
453 2
454 3
455 2
456 2
457 2
458 3
459 4
460 4
461 6
462 3
463 3
464 2
465 2
466 1
467 4
468 1
469 4
470 2
471 4
472 1
474 3
475 3
476 2
477 6
478 3
479 2
480 2
481 6
482 7
483 8
484 4
485 2
486 4
487 5
488 3
489 3
490 3
491 4
492 7
493 6
494 3
495 3
497 6
498 1
499 4
500 3
501 5
502 1
503 6
504 3
505 5
506 5
507 6
508 3
509 4
510 2
511 5
512 6
513 5
514 2
515 4
516 6
517 5
518 5
519 8
520 8
521 8
522 6
523 7
524 7
525 5
526 9
527 9
528 9
529 16
530 12
531 4
532 11
533 12
534 10
535 4
536 14
537 9
538 10
539 18
540 18
541 28
542 23
543 25
544 26
545 30
546 27
547 20
548 22
549 27
550 23
551 22
552 23
553 23
554 22
555 27
556 22
557 40
558 21
559 22
560 31
561 35
562 38
563 43
564 49
565 30
566 31
567 28
568 28
569 30
570 29
571 39
572 30
573 41
574 42
575 33
576 38
577 42
578 24
579 35
580 53
581 37
582 57
583 41
584 59
585 41
586 44
587 43
588 60
589 48
590 37
591 53
592 59
593 48
594 46
595 37
596 46
597 42
598 45
599 57
600 58
601 54
602 52
603 59
604 57
605 75
606 48
607 74
608 62
609 78
610 54
611 93
612 80
613 89
614 87
615 78
616 91
617 92
618 85
619 82
620 86
621 91
622 82
623 90
624 73
625 69
626 84
627 80
628 64
629 63
630 47
631 65
632 53
633 69
634 69
635 61
636 67
637 50
638 70
639 57
640 47
641 56
642 54
643 36
644 40
645 49
646 37
647 37
648 38
649 39
650 36
651 34
652 35
653 47
654 26
655 33
656 36
657 23
658 28
659 20
660 22
661 18
662 25
663 20
664 30
665 12
666 17
667 20
668 22
669 21
670 18
671 12
672 20
673 21
674 11
675 18
676 16
677 20
678 7
679 16
680 16
681 16
682 4
683 8
684 10
685 5
686 6
687 9
688 11
689 5
690 8
691 2
692 4
693 4
694 3
695 3
696 5
697 4
698 6
699 2
700 5
701 6
702 5
703 7
704 6
705 5
706 5
707 9
708 11
709 6
710 9
711 3
712 15
713 9
714 7
715 7
716 13
717 16
718 14
719 6
720 9
721 11
722 13
723 9
724 6
725 6
726 5
727 4
728 4
729 7
730 6
731 6
732 7
733 7
734 6
735 4
736 4
737 7
738 3
739 4
740 7
741 3
742 11
743 8
744 2
745 9
746 13
747 12
748 12
749 8
750 13
751 7
752 11
753 8
754 11
755 8
756 11
757 4
758 10
759 9
760 14
761 8
762 5
763 5
764 7
765 10
766 5
767 6
768 5
769 11
770 6
771 6
772 6
773 7
774 5
775 4
776 3
777 5
778 6
779 2
780 6
781 7
782 2
784 2
786 2
787 1
788 4
789 2
791 3
792 1
793 2
794 1
795 1
796 1
798 3
801 1
802 2
803 2
804 1
806 3
807 4
808 3
809 2
810 2
811 1
812 1
813 1
814 2
816 2
817 1
819 2
820 2
821 3
822 1
824 2
825 2
827 2
828 1
839 1
841 1
842 1
843 1
863 1
866 1
867 2
868 2
870 2
872 1
873 1
875 1
876 1
878 1
880 1
882 1
885 1
886 1
891 1
897 1
898 2
899 1
901 1
904 1
905 3
907 2
909 2
910 1
911 3
912 4
913 4
914 6
915 3
916 7
917 1
918 2
919 3
920 3
921 4
922 2
923 3
924 8
925 9
926 6
927 5
928 5
929 3
930 3
931 5
932 3
933 5
934 4
935 6
936 3
937 7
938 4
939 6
940 5
941 10
942 4
943 5
944 3
945 1
946 3
947 1
948 5
949 2
950 2
952 5
953 3
954 3
955 3
956 5
957 2
958 5
959 2
960 2
961 1
962 2
963 1
965 1
966 1
968 2
974 2
976 1
977 1
978 1
979 1
981 5
982 1
983 2
984 2
985 2
986 1
987 2
989 1
990 3
991 4
992 4
993 3
994 1
995 1
996 2
997 1
998 1
1000 2
1003 1
1004 1
1005 3
1006 1
1009 1
1010 3
1014 1
1015 1
1017 1
1018 1
1022 1
1041 1
1043 2
1044 1
1045 1
1046 1
1047 1
1048 1
1049 1
1059 1
1067 1
1072 1
1076 1
1081 1
1082 1
1083 1
1084 1
1085 2
1086 2
1089 1
1090 2
1091 1
1097 1
1098 2
1099 2
1101 3
1102 2
1103 1
1104 1
1106 3
1108 2
1109 3
1113 1
1115 1
1116 1
1117 2
1128 1
1141 1
1144 1
1146 1
1147 2
1148 2
1150 1
1151 3
1152 1
1153 2
1154 1
1155 1
1156 3
1158 1
1159 1
1160 3
1162 2
1163 2
1164 1
1165 1
1166 2
1167 3
1168 1
1169 1
1170 1
1174 1
1186 1
1189 1
1191 2
1192 2
1193 1
1194 1
1195 2
1196 1
1197 1
1198 2
1200 4
1202 1
1203 2
1206 2
1207 5
1208 5
1210 2
1211 2
1212 3
1213 2
1214 2
1215 2
1216 5
1217 1
1218 1
1220 2
1221 6
1222 2
1223 1
1224 3
1225 4
1226 1
1227 1
1228 3
1229 2
1230 2
1231 4
1232 4
1233 4
1234 6
1235 3
1236 2
1237 4
1240 3
1241 2
1243 1
1245 4
1247 2
1248 2
1249 1
1250 5
1251 3
1252 3
1253 2
1254 4
1255 5
1256 3
1257 5
1258 2
1259 3
1260 6
1261 7
1262 1
1263 3
1264 7
1265 3
1266 2
1267 2
1268 2
1269 4
1270 2
1271 2
1272 1
1273 2
1274 2
1275 1
1276 2
1278 3
1279 2
1280 2
1281 1
1282 4
1283 5
1284 1
1286 1
1287 1
1288 3
1289 2
1291 1
1292 1
1293 2
1302 1
1303 1
1306 1
1310 1
1351 1
1353 1
1354 1
1355 1
1356 1
1362 1
1363 1
1368 1
1371 1
1373 1
1374 1
1376 1
1378 1
1435 1
1551 1
1555 1
1556 1
1557 1
1558 1
1560 2
1562 1
1564 1
1565 2
1567 1
1569 2
1571 1
1572 1
1573 1
1578 2
1580 1
1581 3
1582 1
1583 1
1584 1
1585 1
1586 2
1588 2
1590 4
1591 1
1592 4
1594 1
1602 1
1607 1
1609 1
2116 1
2130 1
2134 1
2140 1
2144 1
2148 1
2510 1
2512 1
2513 1
2515 1
2517 2
2518 1
2519 1
2522 3
2523 1
2525 3
2526 3
2527 2
2528 2
2529 1
2530 3
2531 2
2533 2
2534 3
2535 3
2536 1
2537 1
2538 1
2540 3
2542 3
2544 3
2545 3
2546 1
2547 2
2548 1
2549 2
2550 2
2551 2
2552 1
2553 1
2555 1
2556 1
2557 3
2559 2
2561 1
2563 1
2564 2
2565 1
2566 3
2567 2
2568 2
2569 4
2570 1
2572 3
2573 2
2574 4
2575 1
2577 5
2578 1
2579 3
2580 2
2581 2
2582 2
2583 2
2588 2
2590 1
2591 1
2592 1
2595 1
2596 2
2598 2
2599 2
2600 4
2601 5
2602 1
2603 1
2604 2
2606 2
2609 2
2611 2
2613 3
2616 2
2618 1
2619 1
2620 2
2622 2
2623 1
2624 1
2625 1
2626 1
2627 2
2628 2
2629 1
2630 2
2631 1
2632 2
2634 3
2635 1
2636 4
2637 1
2638 1
2639 5
2640 1
2641 3
2642 2
2643 2
2644 5
2645 1
2648 1
2649 2
2650 2
2652 4
2653 3
2654 3
2655 3
2656 2
2657 2
2658 2
2659 3
2661 1
2662 5
2664 3
2665 2
2667 2
2668 1
2669 4
2670 7
2671 1
2672 2
2674 2
2675 2
2676 4
2677 5
2678 4
2679 1
2681 3
2682 4
2686 1
2687 2
2689 1
2690 1
2692 2
2694 1
2695 2
2696 2
2698 2
2700 1
2702 1
2704 2
2705 1
2706 1
2707 1
2708 2
2709 1
2712 1
2713 1
2714 2
2716 6
2717 1
2718 1
2719 2
2720 2
2721 2
2722 3
2723 2
2724 1
2725 2
2726 1
2727 1
2732 2
2733 1
2734 1
2736 1
2737 1
2740 1
2742 1
2743 3
2744 1
2745 2
2746 1
2747 1
2748 2
2750 4
2751 1
2752 3
2753 1
2754 2
2755 5
2756 2
2757 3
2758 2
2759 4
2760 2
2761 1
2763 2
2765 4
2766 5
2767 5
2768 4
2769 1
2770 2
2771 1
2772 3
2773 1
2774 2
2775 2
2776 3
2777 4
2778 1
2779 5
2780 4
2781 2
2782 2
2783 4
2784 2
2785 2
2786 2
2787 4
2788 2
2789 2
2790 5
2791 5
2792 5
2793 4
2794 3
2795 4
2796 8
2797 3
2798 5
2799 6
2800 2
2801 3
2802 5
2803 7
2804 6
2805 1
2806 8
2807 10
2808 6
2809 8
2810 9
2811 5
2812 3
2813 5
2814 7
2815 4
2816 6
2817 1
2818 2
2819 3
2820 9
2821 3
2822 6
2823 2
2824 10
2825 2
2826 5
2827 4
2828 1
2829 2
2830 2
2831 3
2832 3
2833 1
2834 2
2836 1
2837 1
2838 4
2839 5
2840 4
2842 5
2843 3
2844 3
2846 3
2847 2
2848 7
2849 5
2850 5
2851 3
2852 4
2853 4
2854 4
2855 4
2856 1
2857 3
2858 5
2859 5
2860 6
2861 5
2862 4
2863 1
2864 5
2865 5
2866 2
2867 3
2868 1
2869 3
2870 3
2871 4
2872 4
2873 4
2874 2
2875 5
2876 3
2878 3
2879 2
2880 2
2882 1
2884 4
2885 2
2887 5
2888 1
2889 3
2890 2
2891 2
2892 1
2893 2
2894 1
2895 1
2896 2
2897 1
2898 2
2899 1
2900 1
2901 3
2903 1
2905 2
2908 1
2909 2
2910 1
2912 1
2913 1
2914 2
2915 2
2916 4
2917 2
2918 2
2920 2
2921 3
2922 2
2923 5
2924 4
2925 6
2926 1
2927 2
2928 4
2929 3
2931 1
2932 2
2933 5
2934 2
2935 3
2936 3
2937 5
2938 4
2939 2
2940 3
2941 6
2942 1
2943 5
2944 2
2945 5
2946 6
2947 4
2948 2
2949 5
2950 5
2951 4
2952 2
2953 3
2954 3
2955 5
2956 1
2957 5
2958 1
2959 2
2960 4
2961 3
2962 5
2963 4
2964 2
2966 5
2967 2
2968 2
2969 2
2970 1
2971 3
2973 1
2974 1
2975 1
2977 1
2978 2
2979 2
2980 1
2981 1
2982 2
2983 5
2986 1
2987 1
2989 1
2990 1
2992 1
2993 1
2994 1
2995 1
2996 1
2997 1
2998 1
2999 1
3001 2
3002 1
3003 2
3005 4
3006 2
3007 1
3008 1
3009 2
3010 2
3011 4
3012 1
3014 1
3015 1
3017 3
3018 2
3019 1
3020 2
3022 2
3023 4
3024 1
3025 1
3026 1
3027 2
3028 1
3029 1
3030 2
3031 1
3032 3
3034 2
3036 1
3038 2
3039 1
