1 14569371
2 514095
3 67698
4 23391
5 11353
6 6862
7 4356
8 2930
9 1882
10 1418
11 1124
12 744
13 575
14 511
15 420
16 269
17 198
18 167
19 106
20 109
21 60
22 61
23 77
24 51
25 19
26 30
27 31
28 51
29 24
30 32
31 41
32 21
33 43
34 43
35 69
36 88
37 112
38 128
39 145
40 139
41 153
42 149
43 161
44 227
45 273
46 317
47 397
48 422
49 465
50 539
51 610
52 719
53 741
54 900
55 1005
56 1213
57 1325
58 1509
59 1802
60 2027
61 2364
62 2785
63 3403
64 3991
65 4855
66 5553
67 6741
68 7961
69 9317
70 10640
71 12534
72 14684
73 16642
74 19062
75 21770
76 24864
77 27958
78 31375
79 34551
80 38324
81 42130
82 46210
83 49607
84 52953
85 57595
86 60551
87 64438
88 68021
89 71638
90 75181
91 78841
92 81996
93 84123
94 87499
95 89541
96 91374
97 93397
98 95287
99 96154
100 96373
101 96413
102 95621
103 95720
104 94624
105 93060
106 92232
107 90407
108 88249
109 86269
110 84032
111 82556
112 80344
113 77481
114 74534
115 71280
116 68534
117 64925
118 61323
119 58289
120 54584
121 51480
122 48454
123 45065
124 41852
125 38696
126 35601
127 32622
128 30198
129 27405
130 24742
131 23022
132 20522
133 18458
134 16453
135 14860
136 13186
137 11550
138 10155
139 8878
140 7703
141 6737
142 5918
143 5237
144 4662
145 4040
146 3439
147 2894
148 2511
149 2140
150 1815
151 1470
152 1272
153 1043
154 857
155 711
156 511
157 508
158 449
159 313
160 284
161 272
162 237
163 199
164 141
165 154
166 158
167 162
168 166
169 153
170 145
171 145
172 152
173 153
174 178
175 188
176 181
177 242
178 257
179 255
180 296
181 303
182 335
183 322
184 326
185 341
186 373
187 398
188 409
189 446
190 463
191 439
192 495
193 500
194 485
195 527
196 533
197 552
198 607
199 596
200 625
201 601
202 625
203 661
204 679
205 721
206 699
207 660
208 749
209 744
210 739
211 723
212 786
213 748
214 781
215 755
216 732
217 732
218 700
219 671
220 645
221 662
222 636
223 644
224 604
225 654
226 597
227 539
228 518
229 512
230 549
231 597
232 519
233 504
234 523
235 485
236 487
237 504
238 458
239 512
240 449
241 486
242 481
243 448
244 462
245 423
246 390
247 350
248 321
249 335
250 295
251 261
252 280
253 241
254 271
255 216
256 216
257 226
258 165
259 177
260 165
261 154
262 146
263 131
264 129
265 115
266 97
267 81
268 68
269 58
270 46
271 44
272 41
273 43
274 42
275 44
276 39
277 43
278 40
279 51
280 59
281 37
282 49
283 47
284 28
285 45
286 29
287 26
288 19
289 31
290 38
291 35
292 33
293 31
294 46
295 32
296 43
297 35
298 37
299 50
300 38
301 42
302 34
303 41
304 42
305 37
306 41
307 34
308 36
309 33
310 34
311 25
312 29
313 26
314 16
315 33
316 15
317 25
318 21
319 26
320 21
321 24
322 23
323 24
324 22
325 19
326 32
327 21
328 30
329 24
330 20
331 22
332 19
333 30
334 30
335 19
336 20
337 16
338 32
339 33
340 17
341 28
342 20
343 33
344 26
345 24
346 22
347 21
348 11
349 15
350 11
351 8
352 9
353 7
354 8
355 8
356 12
357 9
358 11
359 10
360 18
361 9
362 13
363 14
364 6
365 4
366 3
367 6
368 3
369 2
370 5
371 2
372 2
373 3
374 5
375 1
376 11
377 10
378 11
379 14
380 8
381 6
382 7
383 6
384 16
385 14
386 7
387 13
388 8
389 7
390 10
391 7
392 3
393 1
394 4
395 3
396 2
397 2
398 1
399 3
400 7
402 4
403 3
404 2
405 3
406 3
407 1
408 2
409 7
410 7
411 5
412 2
413 9
414 3
415 8
416 9
417 5
418 3
419 6
420 5
421 7
422 7
423 6
424 7
425 8
426 8
427 6
428 4
429 5
430 3
431 5
432 3
433 9
434 9
435 3
436 12
437 5
438 6
439 10
440 10
441 12
442 8
443 2
444 13
445 7
446 9
447 8
448 8
449 8
450 6
451 2
452 7
453 2
454 2
455 2
457 3
458 2
459 2
460 3
461 1
462 2
463 4
464 3
465 5
466 5
467 3
468 7
469 5
470 7
471 5
472 7
473 5
474 4
475 6
476 7
477 4
478 3
479 6
480 6
481 6
482 8
483 8
484 6
485 5
486 6
487 4
488 4
489 5
490 5
491 3
492 2
494 1
495 3
496 2
497 1
498 3
499 1
500 2
501 4
502 3
503 3
504 5
505 2
506 8
507 7
508 6
509 7
510 5
511 2
512 4
513 7
514 4
515 4
516 4
517 6
518 5
519 5
520 6
521 7
522 2
523 4
524 2
525 3
526 4
527 2
528 4
529 2
530 3
531 6
532 5
533 1
534 2
535 2
536 1
538 3
539 5
540 3
541 5
542 4
543 8
544 7
545 6
546 7
547 6
548 4
549 3
550 4
551 3
552 4
553 3
554 8
555 5
556 5
557 12
558 6
559 11
560 6
561 5
562 7
563 9
564 6
565 10
566 4
567 11
568 11
569 6
570 7
571 5
572 11
573 7
574 6
575 11
576 3
577 8
578 9
579 5
580 7
581 6
582 3
583 4
584 5
585 5
586 6
587 7
588 5
589 9
590 3
591 6
592 7
593 12
594 10
595 20
596 11
597 17
598 24
599 19
600 28
601 23
602 28
603 21
604 28
605 36
606 41
607 20
608 27
609 18
610 28
611 20
612 26
613 21
614 24
615 21
616 22
617 31
618 26
619 26
620 28
621 34
622 21
623 16
624 21
625 23
626 25
627 27
628 35
629 36
630 26
631 27
632 40
633 34
634 38
635 52
636 32
637 60
638 46
639 34
640 39
641 34
642 37
643 40
644 33
645 53
646 40
647 47
648 44
649 52
650 49
651 38
652 43
653 41
654 33
655 37
656 37
657 44
658 36
659 35
660 50
661 41
662 50
663 48
664 42
665 40
666 58
667 52
668 50
669 50
670 45
671 42
672 39
673 57
674 51
675 40
676 48
677 39
678 37
679 57
680 50
681 50
682 45
683 45
684 46
685 56
686 49
687 42
688 55
689 61
690 43
691 59
692 60
693 60
694 51
695 49
696 47
697 55
698 52
699 56
700 50
701 46
702 58
703 35
704 43
705 47
706 38
707 44
708 41
709 45
710 39
711 33
712 36
713 34
714 35
715 37
716 33
717 37
718 41
719 35
720 41
721 36
722 52
723 36
724 32
725 28
726 30
727 37
728 21
729 36
730 30
731 33
732 26
733 24
734 35
735 20
736 24
737 22
738 28
739 25
740 27
741 24
742 22
743 26
744 31
745 25
746 26
747 34
748 23
749 26
750 27
751 27
752 19
753 20
754 19
755 24
756 28
757 22
758 16
759 29
760 23
761 22
762 19
763 18
764 18
765 15
766 17
767 22
768 12
769 12
770 17
771 14
772 10
773 11
774 12
775 15
776 6
777 17
778 13
779 13
780 5
781 14
782 3
783 7
784 7
785 5
786 10
787 7
788 8
789 11
790 10
791 5
792 9
793 5
794 6
795 1
796 4
797 4
798 1
799 1
800 3
801 3
802 3
803 6
804 9
805 1
806 5
807 4
808 3
809 4
810 4
811 10
812 3
813 5
814 3
815 1
816 3
817 1
819 3
820 1
823 3
824 1
825 1
826 3
827 1
828 4
829 1
830 3
831 2
832 1
833 1
834 2
835 3
839 1
841 1
843 1
848 1
849 1
851 1
852 2
854 1
855 1
856 1
857 1
858 2
859 2
860 2
864 1
865 1
866 1
867 1
868 1
869 1
872 1
873 2
875 2
879 1
880 1
882 2
883 3
887 1
888 5
889 1
890 2
891 2
892 3
893 2
894 3
895 3
896 1
897 3
898 7
899 2
900 2
901 3
902 5
903 5
904 6
905 3
906 2
907 3
908 6
909 8
910 3
911 5
912 3
913 9
914 6
915 11
916 6
917 6
918 2
919 7
920 5
921 4
922 3
923 2
924 7
925 3
926 2
927 4
928 4
929 1
930 3
931 1
932 5
933 3
934 2
935 2
936 3
937 6
938 3
939 4
940 5
941 4
942 2
943 4
944 7
945 6
946 11
947 6
948 5
949 6
950 8
951 6
952 5
953 4
954 4
955 7
956 2
957 4
958 5
959 5
960 4
961 5
962 4
963 2
964 5
965 4
966 6
967 1
968 5
969 5
970 2
971 1
972 3
973 4
974 2
975 3
976 3
977 4
978 8
979 7
980 5
981 8
982 2
983 4
984 4
985 4
986 3
987 6
988 7
989 8
990 2
992 5
993 1
994 4
995 4
996 5
997 6
998 3
999 5
1000 6
1001 5
1002 4
1003 3
1004 1
1005 5
1006 3
1007 3
1008 5
1009 4
1010 3
1011 3
1012 6
1013 9
1014 4
1015 3
1016 8
1017 3
1018 3
1019 6
1020 3
1021 7
1022 4
1023 4
1024 2
1026 3
1027 4
1028 3
1029 2
1030 4
1031 3
1032 1
1033 1
1035 1
1036 4
1037 1
1038 2
1039 1
1040 1
1041 1
1043 1
1066 1
1068 2
1070 3
1074 1
1098 1
1109 2
1111 1
1113 2
1115 1
1116 1
1117 1
1123 1
1124 1
1125 1
1132 1
1139 1
1145 3
1147 1
1153 1
1155 1
1156 1
1159 3
1160 1
1162 1
1163 2
1164 1
1167 1
1168 1
1169 1
1171 1
1172 1
1186 2
1187 1
1192 2
1193 1
1195 2
1196 2
1198 1
1199 4
1200 3
1202 4
1203 1
1204 2
1205 3
1207 2
1208 1
1211 1
1214 2
1215 2
1216 1
1217 1
1218 1
1220 5
1222 1
1227 1
1228 1
1235 3
1236 2
1237 2
1238 2
1239 1
1240 2
1241 1
1242 2
1243 1
1244 8
1245 1
1246 4
1247 2
1248 3
1249 10
1250 8
1251 5
1252 7
1253 9
1254 5
1255 4
1256 2
1257 2
1258 3
1259 5
1261 6
1262 6
1263 6
1264 6
1265 5
1266 5
1267 5
1268 4
1269 6
1270 5
1271 5
1272 6
1273 7
1274 6
1275 7
1276 12
1277 2
1278 2
1279 2
1280 6
1281 5
1282 5
1283 6
1284 5
1285 4
1286 2
1287 3
1288 2
1289 3
1290 4
1291 4
1292 1
1293 5
1294 2
1295 2
1296 2
1298 2
1300 2
1302 2
1303 1
1304 1
1305 1
1309 2
1310 1
1311 2
1313 3
1317 1
1318 1
1320 1
1321 1
1322 2
1324 2
1325 1
1326 2
1328 1
1329 1
1385 1
1405 1
1406 1
1408 1
1413 1
1415 1
1421 1
1423 1
1427 2
1433 1
1476 1
1486 1
1564 1
1568 2
1577 1
1579 1
1580 1
1581 1
1582 4
1583 4
1584 1
1585 1
1586 2
1587 1
1588 1
1589 2
1591 2
1592 1
1597 1
1598 1
1600 2
1602 2
1606 1
1607 1
1609 1
1615 1
1617 1
1620 1
1621 1
1623 1
1625 1
1638 1
1639 1
1640 2
1649 1
1676 1
1682 1
1691 1
1692 1
1697 1
1705 1
1785 2
1791 1
1802 1
1803 1
1804 1
1807 1
1809 1
1811 2
1813 2
1816 1
1820 2
1822 1
1824 1
1825 2
1828 2
1829 1
1831 1
1832 1
1833 1
1837 1
1895 2
1898 1
1905 1
1911 1
1912 1
1913 1
1924 1
1927 1
1932 1
1937 1
1939 1
1941 1
1946 1
1947 1
1949 1
1951 1
1953 1
1955 1
1956 3
1957 3
1958 1
1959 2
1960 1
1961 1
1962 3
1963 1
1964 1
1966 2
1969 1
1972 1
1973 1
1976 2
1980 1
1981 1
2002 1
2010 2
2013 1
2014 1
2015 1
2017 1
2018 1
2019 1
2021 2
2023 2
2024 1
2025 2
2026 1
2027 1
2028 2
2029 3
2030 3
2031 2
2032 2
2033 2
2034 1
2035 1
2037 1
2038 1
2039 3
2040 1
2041 2
2042 1
2043 1
2045 2
2046 2
2047 1
2048 1
2049 4
2050 2
2052 2
2053 1
2054 1
2060 1
2124 1
2140 2
2146 1
2149 1
2150 1
2151 1
2152 3
2153 2
2155 4
2156 3
2157 2
2158 1
2159 3
2160 1
2161 4
2162 5
2163 1
2164 5
2165 5
2166 3
2167 2
2168 2
2170 3
2171 1
2172 1
2173 2
2174 1
2176 1
2177 2
2178 1
2179 1
2180 2
2181 2
2184 1
2185 1
2187 2
2189 1
2193 2
2195 1
2196 1
2197 1
2199 1
2200 1
2201 1
2204 1
2206 1
2208 1
2210 1
2212 1
2213 1
2215 2
2217 1
2218 1
2219 1
2223 1
2228 1
2229 1
2230 1
2231 1
2233 1
2249 1
2258 1
2263 1
2280 1
2296 1
2300 1
2302 2
2303 1
2307 2
2308 1
2311 1
2312 1
2313 2
2314 2
2315 1
2318 2
2319 4
2321 1
2322 2
2323 2
2324 1
2326 3
2328 2
2329 2
2330 2
2332 1
2333 1
2334 2
2335 1
2336 1
2337 2
2338 1
2339 2
2342 3
2344 2
2346 2
2348 1
2351 1
2355 1
2357 1
2359 1
2360 1
2364 1
2365 1
2366 1
2369 1
2373 1
2374 1
2375 2
2378 1
2380 1
3190 1
3217 1
3221 1
3231 1
3244 1
