1 19613893
2 929187
3 130987
4 43463
5 22245
6 12811
7 8747
8 6382
9 4278
10 3075
11 2351
12 1946
13 1545
14 1148
15 1067
16 885
17 796
18 583
19 509
20 411
21 341
22 315
23 288
24 190
25 137
26 120
27 160
28 89
29 85
30 75
31 53
32 71
33 38
34 39
35 35
36 27
37 29
38 28
39 26
40 39
41 20
42 14
43 14
44 19
45 5
46 6
47 16
48 9
49 8
50 11
51 6
52 6
53 7
54 13
55 5
56 16
57 5
58 4
59 3
60 5
61 12
62 7
63 22
64 31
65 25
66 23
67 32
68 22
69 50
70 53
71 70
72 63
73 69
74 79
75 94
76 105
77 116
78 165
79 186
80 198
81 196
82 197
83 235
84 261
85 255
86 267
87 287
88 312
89 324
90 297
91 301
92 340
93 395
94 427
95 424
96 450
97 425
98 454
99 480
100 516
101 508
102 591
103 551
104 586
105 610
106 710
107 714
108 860
109 875
110 925
111 1055
112 1122
113 1235
114 1280
115 1339
116 1516
117 1553
118 1877
119 1985
120 2217
121 2441
122 2652
123 2897
124 3239
125 3692
126 4225
127 4564
128 5177
129 5772
130 6322
131 7077
132 7890
133 9025
134 10173
135 11319
136 12201
137 13171
138 14547
139 15889
140 17616
141 18935
142 21160
143 22495
144 24304
145 25777
146 27960
147 30391
148 32671
149 35000
150 37251
151 39065
152 41999
153 44119
154 46216
155 49168
156 51215
157 54104
158 56013
159 58227
160 60033
161 62550
162 64503
163 65626
164 67910
165 69914
166 71668
167 72587
168 73362
169 74261
170 74734
171 75249
172 75354
173 75756
174 76541
175 75594
176 75860
177 74452
178 73899
179 73032
180 71824
181 70207
182 68406
183 67446
184 64829
185 62562
186 61439
187 59592
188 57543
189 55448
190 53439
191 51314
192 49432
193 47438
194 45147
195 43221
196 40853
197 38560
198 36166
199 34689
200 32774
201 30879
202 29426
203 27034
204 25471
205 23689
206 21921
207 20668
208 18570
209 17552
210 16331
211 14924
212 13631
213 12590
214 11347
215 10395
216 9718
217 8715
218 8010
219 7185
220 6604
221 5917
222 5519
223 4788
224 4300
225 3848
226 3465
227 3211
228 2984
229 2544
230 2272
231 1988
232 1786
233 1557
234 1374
235 1225
236 1000
237 861
238 764
239 716
240 661
241 599
242 494
243 435
244 366
245 360
246 342
247 300
248 254
249 256
250 202
251 193
252 178
253 139
254 130
255 118
256 107
257 74
258 92
259 52
260 55
261 50
262 35
263 28
264 16
265 20
266 13
267 21
268 10
269 15
270 18
271 16
272 19
273 16
274 19
275 4
276 7
277 6
278 12
279 1
280 3
281 7
282 3
283 9
284 8
285 16
286 19
287 26
288 34
289 39
290 38
291 31
292 41
293 32
294 28
295 30
296 33
297 43
298 43
299 54
300 51
301 57
302 67
303 61
304 67
305 91
306 75
307 78
308 91
309 83
310 103
311 112
312 117
313 119
314 126
315 121
316 131
317 146
318 156
319 136
320 142
321 139
322 165
323 187
324 187
325 176
326 180
327 204
328 214
329 192
330 191
331 163
332 218
333 172
334 182
335 220
336 208
337 217
338 210
339 204
340 201
341 235
342 222
343 205
344 199
345 200
346 216
347 222
348 232
349 257
350 251
351 258
352 276
353 231
354 281
355 272
356 256
357 246
358 238
359 251
360 239
361 236
362 245
363 214
364 219
365 207
366 179
367 195
368 202
369 217
370 189
371 230
372 209
373 230
374 220
375 236
376 251
377 249
378 259
379 253
380 244
381 248
382 235
383 253
384 254
385 251
386 225
387 234
388 230
389 218
390 226
391 234
392 203
393 191
394 199
395 221
396 198
397 191
398 193
399 201
400 186
401 167
402 181
403 157
404 169
405 138
406 137
407 138
408 136
409 136
410 139
411 120
412 120
413 122
414 108
415 133
416 131
417 123
418 121
419 110
420 103
421 123
422 104
423 82
424 100
425 78
426 87
427 79
428 98
429 76
430 89
431 77
432 65
433 61
434 59
435 74
436 82
437 63
438 53
439 56
440 66
441 66
442 56
443 47
444 76
445 54
446 47
447 48
448 41
449 39
450 38
451 35
452 29
453 33
454 28
455 13
456 30
457 25
458 21
459 42
460 25
461 26
462 27
463 21
464 25
465 24
466 18
467 21
468 25
469 17
470 25
471 29
472 21
473 14
474 26
475 25
476 22
477 22
478 23
479 25
480 30
481 24
482 35
483 41
484 33
485 33
486 24
487 36
488 33
489 33
490 30
491 25
492 21
493 22
494 14
495 21
496 23
497 30
498 16
499 13
500 12
501 18
502 18
503 17
504 21
505 21
506 21
507 20
508 24
509 31
510 28
511 26
512 36
513 30
514 27
515 29
516 21
517 25
518 15
519 22
520 12
521 21
522 17
523 26
524 20
525 32
526 25
527 26
528 11
529 22
530 28
531 26
532 22
533 15
534 21
535 31
536 30
537 27
538 18
539 20
540 20
541 23
542 17
543 17
544 21
545 18
546 32
547 26
548 28
549 17
550 25
551 16
552 25
553 28
554 26
555 42
556 17
557 39
558 33
559 29
560 24
561 28
562 20
563 15
564 16
565 17
566 18
567 12
568 17
569 31
570 24
571 11
572 29
573 18
574 23
575 14
576 12
577 23
578 21
579 19
580 18
581 9
582 27
583 33
584 19
585 25
586 24
587 18
588 25
589 26
590 36
591 37
592 26
593 30
594 22
595 20
596 25
597 18
598 20
599 24
600 14
601 18
602 10
603 12
604 10
605 14
606 14
607 14
608 13
609 10
610 10
611 8
612 6
613 5
614 4
615 6
616 14
617 9
618 8
619 7
620 5
621 4
622 14
623 5
624 7
625 10
626 2
627 5
628 3
629 3
630 5
631 9
632 8
633 8
634 10
635 12
636 6
637 13
638 16
639 9
640 6
641 6
642 9
643 3
644 4
645 5
646 13
647 10
648 9
649 6
650 12
651 8
652 5
653 8
654 5
655 2
656 3
657 1
658 2
659 2
660 4
662 2
663 3
664 3
665 9
666 6
667 2
668 4
669 6
670 8
671 13
672 11
673 9
674 5
675 5
676 7
677 4
678 7
679 8
680 7
681 9
682 6
683 8
684 8
685 5
686 7
687 2
688 1
689 7
690 5
691 7
692 5
693 16
694 4
695 6
696 6
697 9
698 5
699 6
700 4
701 4
702 3
703 9
704 5
705 2
706 6
707 12
708 5
709 4
710 5
711 3
712 2
714 6
715 3
716 4
717 4
718 8
719 6
720 4
721 4
722 7
723 4
724 8
725 3
726 4
727 3
728 4
729 8
730 3
731 3
732 2
733 5
734 3
735 6
736 10
737 2
738 5
739 7
740 5
741 6
742 7
743 9
744 3
745 8
746 7
747 5
748 10
749 7
750 5
751 6
752 8
753 7
754 6
755 9
756 8
757 4
758 6
759 4
760 2
761 4
762 2
763 2
764 3
765 4
766 3
767 3
768 4
769 3
770 4
772 1
773 2
774 1
775 2
777 1
778 3
780 1
781 1
782 3
783 2
785 3
786 2
788 3
789 1
790 3
791 2
792 1
793 1
794 1
795 1
796 3
797 3
798 1
801 2
802 3
803 2
804 7
805 1
806 3
810 3
811 7
812 5
813 2
814 9
815 5
816 6
817 6
818 6
819 2
820 6
821 10
822 2
823 2
824 2
825 4
826 4
827 6
829 1
830 1
831 3
832 1
835 3
836 1
837 3
838 1
839 2
840 1
841 1
842 1
844 2
845 1
846 2
847 2
849 5
850 1
851 4
852 5
853 1
854 2
855 3
856 7
857 2
858 2
859 3
860 4
861 2
865 2
866 1
867 2
868 2
869 1
870 6
872 3
873 3
874 1
875 1
877 6
878 3
879 5
881 2
882 5
883 5
884 5
885 1
886 3
887 6
888 7
889 2
890 5
891 6
892 4
893 3
894 8
895 6
896 13
897 9
898 4
899 8
900 4
901 3
902 8
903 3
904 9
905 3
906 6
907 4
908 7
909 3
910 3
911 1
912 1
913 2
914 2
915 1
916 8
917 3
918 3
919 5
921 3
922 3
923 3
924 2
925 1
926 1
928 2
930 1
931 1
932 2
933 1
934 3
935 1
936 1
937 4
938 1
939 1
941 1
942 2
944 2
946 1
948 1
950 3
951 2
952 2
953 3
955 1
956 2
957 2
958 2
959 5
960 2
961 2
963 2
964 1
965 4
966 1
967 2
968 1
969 1
970 4
971 1
972 2
973 3
974 2
975 1
976 4
977 4
978 5
979 2
981 6
982 3
983 4
984 7
985 8
986 5
987 2
988 5
989 3
990 4
991 3
992 6
993 1
994 5
995 3
996 5
997 8
998 9
999 5
1000 7
1001 6
1002 6
1003 10
1004 4
1005 8
1006 10
1007 10
1008 6
1009 9
1010 2
1011 14
1012 19
1013 14
1014 11
1015 11
1016 10
1017 12
1018 13
1019 6
1020 11
1021 14
1022 12
1023 11
1024 20
1025 5
1026 15
1027 8
1028 9
1029 12
1030 19
1031 11
1032 12
1033 14
1034 19
1035 16
1036 6
1037 11
1038 13
1039 15
1040 16
1041 16
1042 10
1043 24
1044 15
1045 16
1046 16
1047 18
1048 20
1049 18
1050 15
1051 25
1052 14
1053 21
1054 13
1055 21
1056 13
1057 10
1058 11
1059 14
1060 17
1061 11
1062 9
1063 10
1064 12
1065 13
1066 10
1067 17
1068 20
1069 14
1070 10
1071 13
1072 25
1073 17
1074 18
1075 14
1076 11
1077 25
1078 20
1079 14
1080 19
1081 17
1082 21
1083 24
1084 19
1085 27
1086 27
1087 20
1088 20
1089 31
1090 17
1091 23
1092 18
1093 25
1094 19
1095 17
1096 15
1097 18
1098 22
1099 36
1100 30
1101 29
1102 32
1103 22
1104 29
1105 22
1106 25
1107 24
1108 22
1109 30
1110 26
1111 27
1112 28
1113 32
1114 30
1115 39
1116 24
1117 39
1118 36
1119 37
1120 37
1121 40
1122 38
1123 30
1124 36
1125 33
1126 36
1127 34
1128 42
1129 30
1130 40
1131 26
1132 50
1133 31
1134 38
1135 36
1136 32
1137 33
1138 32
1139 35
1140 28
1141 30
1142 30
1143 45
1144 32
1145 27
1146 41
1147 38
1148 31
1149 41
1150 40
1151 37
1152 34
1153 22
1154 26
1155 20
1156 27
1157 23
1158 30
1159 31
1160 21
1161 25
1162 20
1163 30
1164 20
1165 22
1166 24
1167 23
1168 10
1169 24
1170 20
1171 28
1172 18
1173 27
1174 21
1175 23
1176 19
1177 25
1178 20
1179 15
1180 31
1181 23
1182 27
1183 23
1184 31
1185 21
1186 21
1187 24
1188 24
1189 32
1190 20
1191 30
1192 22
1193 31
1194 18
1195 20
1196 18
1197 23
1198 21
1199 33
1200 24
1201 15
1202 13
1203 16
1204 19
1205 19
1206 19
1207 9
1208 10
1209 19
1210 15
1211 24
1212 11
1213 19
1214 15
1215 19
1216 17
1217 17
1218 14
1219 12
1220 20
1221 20
1222 9
1223 14
1224 13
1225 8
1226 5
1227 10
1228 14
1229 15
1230 8
1231 18
1232 13
1233 9
1234 11
1235 25
1236 8
1237 13
1238 19
1239 9
1240 21
1241 13
1242 9
1243 14
1244 12
1245 12
1246 8
1247 11
1248 10
1249 12
1250 7
1251 11
1252 12
1253 6
1254 12
1255 8
1256 5
1257 11
1258 4
1259 9
1260 11
1261 7
1262 4
1263 9
1264 7
1265 7
1266 1
1267 6
1268 3
1269 2
1270 1
1271 5
1272 5
1274 6
1275 4
1276 6
1277 5
1278 2
1279 7
1280 3
1281 5
1282 2
1283 3
1284 4
1285 2
1286 1
1287 2
1288 3
1289 3
1290 2
1291 1
1292 1
1294 1
1297 1
1302 1
1303 1
1306 1
1309 2
1317 1
1319 1
1321 1
1322 2
1323 2
1324 2
1325 1
1326 2
1328 1
1331 1
1333 1
1360 3
1367 1
1370 1
1372 1
1376 1
1378 1
1381 1
1385 1
1389 1
1391 1
1417 1
1420 2
1423 1
1426 1
1427 1
1430 1
1435 3
1437 1
1443 1
1445 1
1447 1
1448 1
1449 2
1452 1
1453 1
1455 1
1457 2
1459 1
1460 2
1461 1
1462 1
1464 2
1465 1
1466 1
1469 2
1470 2
1471 1
1472 1
1476 1
1477 2
1479 2
1480 1
1481 1
1483 1
1484 2
1485 1
1486 2
1487 1
1488 3
1489 2
1490 1
1491 1
1493 3
1494 1
1495 1
1497 1
1499 1
1500 1
1502 2
1503 2
1510 1
1511 4
1516 1
1518 1
1519 1
1521 1
1524 1
1527 2
1531 1
1532 1
1538 1
1540 1
1542 1
1543 1
1544 3
1545 1
1546 1
1548 1
1549 2
1550 2
1552 2
1553 2
1556 1
1558 1
1571 1
1572 1
1585 1
1589 1
1601 1
1603 1
1606 1
1613 1
1615 1
1622 1
1628 2
1629 1
1630 1
1635 2
1636 1
1637 1
1638 1
1641 4
1642 1
1644 1
1645 2
1648 1
1651 2
1653 2
1654 1
1655 2
1657 1
1659 1
1660 1
1665 1
1666 2
1669 1
1673 1
1678 2
1679 1
1680 1
1685 1
1686 1
1688 2
1689 2
1692 2
1694 1
1695 2
1698 2
1699 2
1701 2
1706 2
1707 3
1708 1
1710 3
1712 2
1713 2
1714 1
1715 1
1718 2
1720 1
1722 2
1723 1
1724 1
1725 3
1726 1
1729 1
1731 1
1732 1
1733 2
1736 1
1737 1
1738 1
1739 1
1740 1
1742 1
1743 1
1745 1
1748 2
1749 2
1752 1
1753 1
1754 2
1755 1
1756 2
1757 1
1758 2
1761 2
1763 3
1764 2
1765 2
1768 1
1769 1
1770 2
1772 3
1773 2
1774 1
1775 1
1776 3
1777 1
1780 1
1781 1
1782 1
1783 2
1784 1
1785 1
1791 1
1793 1
1826 1
1839 1
1847 1
1854 1
1859 1
1863 1
1866 1
1867 1
1868 1
1871 1
1876 1
1878 1
1879 1
1882 1
1883 2
1884 1
1887 1
1891 1
1893 1
1895 1
1896 2
1898 1
1899 1
1900 2
1901 1
1903 1
1904 3
1905 2
1906 1
1909 1
1910 2
1912 1
1913 1
1920 1
1921 1
1922 1
1923 1
1927 1
1929 2
1930 1
1931 1
1933 1
1934 1
1935 1
1938 1
1942 2
1944 2
1945 1
1948 1
1949 2
1950 1
1951 1
1953 3
1954 4
1955 2
1956 1
1959 1
1960 1
1963 1
2064 1
2071 2
2073 1
2075 1
2076 1
2077 2
2078 2
2079 1
2080 5
2081 1
2082 3
2083 2
2084 1
2085 2
2086 5
2087 5
2088 2
2090 2
2091 1
2092 1
2094 1
2095 2
2097 1
2101 1
2102 1
2103 1
2104 2
2105 1
2109 1
2112 2
2113 1
2115 1
2119 2
2121 1
2122 1
2123 1
2124 1
2129 1
2133 4
2134 1
2135 1
2136 2
2138 1
2140 1
2141 1
2142 1
2143 2
2152 1
2237 1
2240 1
2249 1
2256 1
2261 2
2262 2
2263 3
2264 1
2266 2
2267 1
2268 1
2269 1
2270 4
2271 1
2272 3
2273 1
2274 3
2275 4
2276 2
2278 2
2279 2
2280 1
2281 2
2282 1
2283 3
2284 2
2285 1
2286 2
2287 1
2288 1
2289 2
2290 3
2291 1
2292 2
2293 2
2294 1
2296 1
2297 3
2298 1
2301 1
2302 1
2303 2
2305 1
2306 1
2307 1
2310 1
2313 1
2315 1
2317 1
2320 1
2323 1
2324 1
2325 1
2326 1
2328 1
2329 2
2337 3
2338 1
2341 2
2342 2
2346 2
2347 2
2348 4
2349 1
2350 2
2351 1
2352 3
2353 3
2354 3
2355 2
2356 2
2357 4
2358 3
2359 3
2360 2
2362 2
2363 1
2366 3
2367 2
2368 1
2369 3
2370 2
2372 1
2373 2
2374 2
2375 1
2376 1
2377 1
2378 1
2379 2
2380 1
2381 2
2382 2
2383 1
2384 1
2386 3
2390 3
2393 1
2394 2
2396 4
2397 1
2399 1
2400 1
2401 2
2403 2
2404 1
2405 1
2406 1
2407 1
2408 3
2411 2
2413 2
2414 2
2415 2
2418 1
2419 1
2420 1
2422 1
2423 2
2429 1
2433 1
2814 1
2817 1
2822 1
2824 1
2829 1
2837 1
2852 1
2859 1
2863 1
2868 1
2870 1
2877 1
2880 1
2887 1
2895 1
2905 1
2915 1
2929 1
2942 1
2950 1
2952 1
2953 1
2965 1
2969 1
2975 1
2992 1
2994 1
2996 2
3002 1
3013 1
3014 2
3017 1
3024 2
3030 1
3032 2
3033 1
3034 1
3037 1
3038 1
3043 1
3840 1
3963 1
3965 1
3974 2
3981 1
3985 1
3992 1
3994 1
3998 1
4004 1
4022 1
4026 1
4027 1
4033 1
4042 1
4045 1
4047 1
4052 2
4053 1
4056 1
4058 1
4060 1
4061 1
4062 1
4063 1
4064 1
4065 2
4068 1
4070 1
4074 1
4075 1
4076 1
4077 3
4078 2
4082 1
4084 2
4085 4
4086 3
4087 1
4088 1
4090 1
4091 3
4092 1
4093 1
4094 4
4095 1
4096 1
4097 1
4099 1
4100 1
4104 3
4105 1
4106 1
4107 2
4108 2
4109 4
4110 2
4111 4
4112 2
4113 2
4114 2
4115 2
4116 3
4117 2
4118 1
4120 2
4121 1
4122 5
4124 2
4125 2
4127 3
4128 3
4129 4
4130 1
4131 3
4132 4
4133 3
4134 2
4135 1
4136 3
4137 2
4138 2
4139 2
4140 1
4141 1
4142 3
4143 1
4144 1
4145 1
4146 1
4147 1
4148 2
4149 2
4150 2
4151 1
4152 1
4153 4
4155 1
4156 4
4159 2
4160 2
4161 1
4163 2
4164 1
4165 3
4166 1
4167 3
4168 1
4169 3
4170 3
4171 1
4172 2
4173 2
4174 1
4175 1
4176 2
4177 1
4179 5
4182 1
4185 1
4187 1
4188 2
4190 3
4191 1
4192 2
4193 3
4194 1
4195 1
4196 1
4197 1
4198 1
4199 5
4200 1
4202 1
4203 2
4204 3
4205 5
4206 1
4207 2
4208 1
4209 1
4210 2
4212 3
4213 1
4214 2
4216 1
4217 2
4218 1
4219 1
4221 1
4223 1
4224 1
4227 2
4228 1
4229 1
4230 1
4231 2
4233 1
4235 1
4236 2
4237 1
4238 3
4240 1
4241 2
4242 2
4243 3
4244 2
4245 2
4246 1
4247 1
4248 1
4249 2
4250 3
4251 3
4253 1
4254 2
4255 2
4258 3
4259 2
4260 2
4261 1
4262 2
4264 2
4265 1
4268 1
4269 1
4270 1
4272 3
4273 1
4274 1
4275 1
4277 3
4278 6
4279 3
4281 4
4282 3
4283 4
4284 3
4286 2
4288 2
4289 1
4290 2
4291 1
4292 2
4293 3
4295 2
4297 3
4298 4
4299 5
4300 2
4301 2
4302 2
4303 6
4304 3
4305 2
4306 1
4307 2
4308 3
4309 4
4310 2
4311 1
4312 2
4313 1
4314 7
4315 2
4316 4
4317 2
4318 2
4319 3
4320 5
4321 1
4322 4
4324 5
4325 1
4326 2
4327 2
4328 4
4329 2
4330 1
4331 1
4332 1
4333 1
4334 3
4335 3
4336 1
4337 4
4338 1
4339 4
4341 1
4343 2
4344 2
4345 5
4346 3
4347 1
4348 5
4349 2
4350 3
4351 3
4352 1
4354 3
4355 3
4356 2
4357 1
4358 1
4360 1
4361 2
4362 1
4363 4
4364 3
4365 3
4366 1
4367 5
4368 3
4369 3
4370 2
4371 2
4372 3
4373 2
4374 2
4375 2
4376 3
4377 3
4378 2
4379 3
4380 2
4381 1
4382 2
4383 1
4384 6
4385 1
4387 3
4388 4
4389 4
4390 2
4391 1
4392 1
4393 6
4394 1
4395 3
4396 1
4397 1
4398 4
4400 3
4401 2
4402 4
4406 1
4407 1
4408 1
4409 3
4411 2
4414 3
4415 1
4416 1
4417 3
4420 2
4421 1
4422 1
4423 1
4424 1
4425 3
4426 3
4427 2
4429 1
4432 3
4433 2
4434 2
4436 1
4437 4
4439 1
4440 2
4441 1
4442 3
4443 1
4444 4
4445 1
4446 4
4447 4
4448 3
4449 1
4451 4
4452 1
4453 4
4455 3
4456 4
4457 6
4458 6
4459 6
4460 2
4461 4
4462 6
4463 5
4464 6
4465 3
4466 1
4467 1
4468 1
4469 5
4470 1
4471 1
4472 4
4473 9
4474 4
4475 4
4476 2
4477 2
4478 1
4479 6
4480 5
4481 4
4482 1
4483 1
4484 7
4485 3
4486 6
4487 3
4488 4
4489 2
4490 4
4491 1
4494 1
4495 3
4496 1
4497 3
4498 4
4499 2
4500 3
4501 1
4502 1
4503 3
4504 4
4505 5
4507 1
4508 3
4509 6
4511 3
4512 4
4513 3
4514 2
4515 3
4516 3
4517 5
4518 3
4519 1
4520 1
4522 2
4523 2
4524 2
4525 1
4526 2
4527 4
4528 3
4529 2
4530 1
4531 3
4532 3
4533 1
4534 5
4538 2
4539 2
4540 1
4541 5
4542 1
4543 2
4544 1
4546 1
4547 1
4549 3
4550 1
4551 2
4552 1
4553 1
4554 3
4555 1
4556 1
4557 1
4558 1
4559 1
4560 1
4561 2
4562 2
4564 1
4566 1
4567 1
4568 2
4569 1
4570 2
4571 2
4572 3
4576 4
4577 3
4578 1
4579 2
4580 1
4581 1
4582 1
4583 1
4584 2
4585 1
4587 1
4589 1
4590 1
4592 1
4593 1
4594 1
4596 2
4597 1
4599 2
4600 1
4603 4
4605 3
4606 1
4607 1
4608 2
4609 2
4611 2
4612 2
4614 1
4615 1
4616 1
4617 1
4618 1
4619 2
4620 1
4621 2
4622 1
4623 3
4624 1
4625 1
4627 1
4630 1
4632 1
4633 1
4634 1
4635 1
4636 1
4637 1
4644 1
4673 1
4675 1
4693 1
4697 1
4716 1
4738 1
4741 1
4745 1
4749 2
4752 1
4760 1
4768 1
4776 1
4778 1
4784 1
4787 1
4793 1
4795 1
4801 1
4806 1
4808 1
4809 1
4812 1
4813 1
4818 2
4819 1
4823 1
4825 1
4828 2
4830 3
4834 1
4837 1
4838 1
4839 1
4840 2
4843 1
4846 1
4847 1
4848 1
4849 1
4856 1
4861 1
4867 1
4868 1
4872 1
