1 14823932
2 555493
3 77855
4 27187
5 14295
6 8894
7 5512
8 3760
9 2519
10 1819
11 1384
12 1229
13 994
14 786
15 575
16 498
17 481
18 277
19 256
20 182
21 126
22 122
23 92
24 112
25 132
26 99
27 51
28 61
29 47
30 45
31 41
32 38
33 20
34 18
35 13
36 21
37 12
38 5
39 9
40 3
41 5
42 11
43 13
44 6
45 12
46 15
47 17
48 39
49 42
50 46
51 45
52 62
53 99
54 101
55 132
56 156
57 120
58 158
59 142
60 187
61 239
62 234
63 241
64 314
65 362
66 409
67 382
68 436
69 444
70 467
71 523
72 569
73 650
74 679
75 749
76 664
77 753
78 825
79 880
80 838
81 924
82 972
83 1092
84 1188
85 1337
86 1473
87 1688
88 1945
89 2214
90 2605
91 3139
92 3515
93 4020
94 4789
95 5304
96 6160
97 7016
98 7923
99 9303
100 10615
101 11766
102 13466
103 15365
104 17469
105 19479
106 21765
107 23954
108 26402
109 29094
110 31663
111 34930
112 38208
113 41600
114 45196
115 48267
116 52146
117 55108
118 58279
119 62362
120 65526
121 68534
122 71532
123 75257
124 77947
125 81263
126 83740
127 85741
128 87740
129 88861
130 90353
131 90526
132 90668
133 90961
134 91230
135 90834
136 90812
137 89838
138 88104
139 87051
140 85493
141 83122
142 81640
143 78562
144 75393
145 73054
146 70094
147 66866
148 63697
149 60424
150 57895
151 54735
152 51622
153 47770
154 45292
155 41521
156 38542
157 35468
158 32356
159 29826
160 27053
161 24530
162 22190
163 19883
164 17766
165 15997
166 14567
167 12936
168 11749
169 10198
170 9297
171 8245
172 7077
173 6302
174 5557
175 4846
176 4177
177 3632
178 3113
179 2608
180 2240
181 1948
182 1677
183 1460
184 1180
185 1042
186 858
187 751
188 616
189 549
190 456
191 354
192 279
193 258
194 180
195 169
196 157
197 130
198 79
199 62
200 36
201 34
202 22
203 20
204 35
205 23
206 25
207 32
208 36
209 44
210 24
211 29
212 29
213 33
214 32
215 22
216 29
217 32
218 42
219 40
220 47
221 38
222 41
223 44
224 47
225 54
226 63
227 57
228 62
229 69
230 58
231 87
232 90
233 83
234 97
235 103
236 88
237 87
238 104
239 123
240 102
241 108
242 141
243 132
244 129
245 121
246 161
247 142
248 179
249 167
250 190
251 185
252 185
253 199
254 179
255 187
256 217
257 247
258 242
259 250
260 277
261 297
262 283
263 316
264 339
265 310
266 330
267 304
268 317
269 315
270 314
271 316
272 314
273 342
274 362
275 336
276 346
277 357
278 369
279 341
280 351
281 337
282 385
283 384
284 333
285 388
286 406
287 352
288 374
289 347
290 374
291 354
292 354
293 327
294 335
295 322
296 285
297 345
298 331
299 288
300 331
301 325
302 307
303 271
304 271
305 286
306 280
307 272
308 280
309 290
310 258
311 244
312 204
313 209
314 201
315 162
316 167
317 158
318 133
319 121
320 135
321 122
322 118
323 117
324 130
325 116
326 106
327 93
328 73
329 73
330 66
331 68
332 67
333 59
334 67
335 72
336 68
337 60
338 68
339 53
340 62
341 42
342 46
343 32
344 21
345 25
346 21
347 13
348 14
349 10
350 5
351 9
352 5
353 2
354 1
355 2
356 4
357 4
358 9
359 6
360 9
361 5
362 11
363 15
364 5
365 3
366 7
367 10
368 3
369 14
370 8
371 12
372 12
373 10
374 9
375 20
376 22
377 15
378 15
379 16
380 15
381 23
382 21
383 24
384 18
385 30
386 23
387 24
388 23
389 26
390 27
391 18
392 22
393 22
394 22
395 27
396 24
397 20
398 21
399 25
400 36
401 28
402 34
403 29
404 31
405 40
406 24
407 23
408 16
409 19
410 19
411 26
412 15
413 17
414 15
415 20
416 12
417 13
418 20
419 19
420 20
421 18
422 15
423 27
424 23
425 32
426 28
427 34
428 29
429 31
430 28
431 27
432 28
433 29
434 29
435 28
436 24
437 24
438 22
439 31
440 27
441 30
442 30
443 23
444 24
445 33
446 32
447 36
448 27
449 30
450 40
451 33
452 42
453 41
454 29
455 45
456 24
457 48
458 30
459 36
460 24
461 18
462 24
463 32
464 29
465 26
466 21
467 29
468 26
469 34
470 42
471 22
472 39
473 39
474 29
475 26
476 20
477 20
478 24
479 19
480 28
481 32
482 26
483 23
484 19
485 24
486 22
487 18
488 16
489 21
490 10
491 26
492 15
493 14
494 25
495 27
496 20
497 21
498 19
499 15
500 24
501 17
502 12
503 6
504 10
505 6
506 6
507 5
508 5
509 3
510 6
511 2
512 6
513 6
514 3
515 6
516 11
517 10
518 13
519 9
520 7
521 7
522 9
523 6
524 2
525 2
526 4
527 7
528 11
529 6
530 4
531 3
532 6
533 6
534 4
535 1
536 3
537 3
538 4
539 1
540 4
541 9
542 4
543 2
544 6
545 8
546 4
547 6
548 9
549 5
550 7
551 4
552 7
553 9
554 8
555 10
556 10
557 12
558 9
559 8
560 9
561 6
562 12
563 9
564 6
565 8
566 6
567 10
568 10
569 14
570 13
571 12
572 10
573 6
574 10
575 14
576 8
577 7
578 12
579 11
580 7
581 6
582 9
583 7
584 4
585 9
586 4
587 9
588 3
589 11
590 2
591 8
592 6
593 11
594 4
595 7
596 4
597 4
598 1
599 6
600 1
601 3
602 4
603 6
604 3
605 6
606 3
607 9
608 1
609 1
610 3
611 2
612 5
613 3
614 3
615 5
616 3
617 4
618 4
619 3
620 2
621 4
623 2
624 3
625 3
626 1
627 1
628 1
629 2
630 3
631 3
632 4
633 3
634 2
637 3
638 2
639 2
641 2
642 1
644 1
646 1
647 2
648 1
650 2
651 1
653 1
654 1
655 1
656 3
657 1
658 5
659 3
660 1
661 5
662 5
663 3
664 2
665 4
666 5
667 6
668 5
669 1
670 7
671 5
672 6
673 4
674 4
675 7
676 5
677 8
678 7
680 10
681 5
682 6
683 7
684 8
685 8
686 9
687 8
688 5
689 3
690 3
691 4
692 7
693 6
694 2
695 1
696 6
697 3
698 2
699 4
700 6
701 6
702 3
703 4
704 6
705 3
706 3
707 1
708 2
709 6
710 10
711 3
712 1
713 5
714 2
715 5
716 1
717 2
718 1
719 2
720 3
721 1
724 2
725 1
726 3
727 1
728 3
729 1
730 1
732 1
733 2
734 2
735 2
736 3
738 1
739 2
740 2
741 1
743 1
744 4
745 1
747 3
748 1
749 1
750 2
752 3
753 2
754 2
755 3
756 7
757 3
758 5
759 5
760 5
761 7
762 2
763 4
764 8
765 4
766 3
767 6
768 5
769 9
770 6
771 6
772 7
773 7
774 6
775 8
776 5
777 3
778 6
779 8
780 12
781 2
782 5
783 5
784 12
785 8
786 12
787 10
788 14
789 12
790 18
791 16
792 12
793 14
794 16
795 13
796 15
797 21
798 12
799 14
800 9
801 15
802 21
803 9
804 20
805 20
806 23
807 21
808 18
809 22
810 26
811 28
812 20
813 22
814 35
815 28
816 35
817 30
818 34
819 38
820 43
821 37
822 32
823 37
824 37
825 40
826 39
827 44
828 36
829 28
830 31
831 30
832 42
833 31
834 43
835 40
836 44
837 30
838 53
839 42
840 41
841 43
842 36
843 34
844 43
845 42
846 33
847 38
848 34
849 43
850 33
851 38
852 44
853 28
854 41
855 38
856 39
857 33
858 36
859 40
860 28
861 39
862 34
863 33
864 37
865 45
866 44
867 39
868 37
869 52
870 46
871 44
872 39
873 45
874 40
875 41
876 28
877 35
878 39
879 47
880 31
881 40
882 42
883 48
884 50
885 52
886 38
887 39
888 35
889 48
890 41
891 29
892 49
893 28
894 48
895 39
896 32
897 31
898 33
899 38
900 36
901 45
902 30
903 39
904 33
905 36
906 39
907 37
908 34
909 26
910 28
911 29
912 27
913 16
914 23
915 20
916 21
917 22
918 21
919 21
920 22
921 23
922 19
923 20
924 20
925 21
926 27
927 17
928 22
929 11
930 11
931 14
932 15
933 14
934 21
935 15
936 10
937 12
938 14
939 14
940 11
941 13
942 10
943 13
944 13
945 13
946 9
947 14
948 10
949 9
950 13
951 9
952 9
953 17
954 6
955 7
956 8
957 8
958 13
959 10
960 11
961 8
962 6
963 5
964 8
965 6
966 10
967 18
968 17
969 14
970 15
971 12
972 7
973 15
974 8
975 5
976 8
977 10
978 5
979 10
980 10
981 3
982 8
983 6
984 9
985 4
986 1
987 7
988 7
989 6
990 9
991 4
992 5
993 2
994 5
995 5
996 2
997 2
998 1
999 1
1000 4
1002 1
1003 1
1004 1
1005 1
1006 1
1008 3
1009 1
1014 1
1018 1
1021 1
1022 1
1026 1
1028 1
1029 1
1030 1
1031 1
1036 1
1038 1
1045 1
1053 1
1054 1
1057 1
1060 1
1063 1
1068 1
1069 1
1070 1
1071 1
1072 1
1087 1
1089 1
1095 2
1097 1
1098 1
1100 3
1101 1
1102 1
1111 2
1116 1
1117 2
1118 3
1119 1
1123 1
1128 1
1132 1
1136 4
1139 1
1142 1
1143 1
1144 3
1145 3
1146 1
1147 1
1149 2
1150 2
1151 1
1152 2
1153 1
1154 2
1155 2
1156 1
1157 2
1158 3
1159 3
1160 1
1162 1
1163 1
1166 3
1167 2
1168 1
1169 2
1170 1
1171 2
1174 4
1176 2
1177 1
1179 4
1182 2
1187 1
1233 1
1237 1
1244 1
1245 1
1246 1
1247 1
1248 1
1249 2
1250 1
1251 1
1254 1
1256 1
1258 1
1259 1
1260 1
1262 2
1265 1
1268 1
1269 2
1270 1
1271 1
1273 2
1274 4
1275 2
1279 3
1280 2
1282 1
1285 1
1288 1
1295 1
1296 1
1298 2
1299 1
1301 1
1302 1
1304 1
1305 1
1306 2
1308 2
1310 1
1312 1
1313 1
1318 1
1319 2
1320 1
1322 1
1323 1
1326 1
1327 3
1330 1
1331 1
1334 1
1335 1
1336 1
1337 1
1338 1
1340 1
1341 2
1343 1
1344 2
1349 2
1351 1
1352 2
1354 1
1357 1
1359 1
1360 3
1362 1
1363 3
1364 1
1365 2
1366 2
1367 1
1368 3
1369 1
1370 3
1371 3
1373 4
1375 1
1376 2
1377 1
1378 3
1379 3
1380 2
1381 2
1382 1
1383 2
1384 3
1385 1
1387 3
1388 4
1389 1
1390 3
1391 2
1392 1
1394 2
1395 2
1396 4
1397 1
1399 1
1400 1
1401 1
1402 1
1404 2
1405 2
1409 2
1410 2
1411 1
1413 1
1415 1
1416 1
1417 1
1418 2
1421 2
1425 1
1428 1
1429 1
1430 1
1432 2
1433 1
1435 1
1436 1
1438 2
1448 1
1449 1
1451 1
1457 1
1458 1
1459 1
1462 1
1463 1
1465 1
1466 1
1468 2
1470 2
1471 1
1473 2
1474 1
1476 2
1477 1
1478 1
1479 1
1480 2
1482 1
1483 1
1484 1
1485 4
1487 3
1489 1
1491 1
1492 2
1495 1
1499 1
1557 2
1559 2
1561 1
1564 2
1565 3
1566 1
1567 3
1568 1
1569 1
1570 2
1571 2
1572 1
1573 3
1574 1
1575 2
1576 1
1577 3
1578 1
1579 1
1580 2
1581 1
1582 3
1586 1
1587 1
1588 1
1589 1
1591 1
1592 1
1593 1
1596 1
1597 2
1598 1
1599 1
1600 1
1603 1
1606 1
1607 2
1611 1
1612 3
1613 1
1615 2
1616 1
1617 1
1619 4
1621 2
1624 1
1625 4
1628 1
1630 1
1631 1
1638 1
1639 1
1696 1
1709 1
1712 1
1715 2
1717 1
1719 2
1720 1
1722 2
1723 1
1724 2
1725 1
1726 3
1727 1
1728 3
1729 1
1730 2
1731 3
1734 2
1735 3
1736 2
1737 1
1738 1
1739 2
1740 1
1741 3
1742 7
1743 2
1744 4
1745 4
1746 4
1747 4
1748 2
1749 4
1750 1
1751 3
1752 2
1753 4
1754 6
1755 2
1756 7
1757 8
1758 5
1759 5
1760 7
1761 3
1762 5
1763 4
1764 3
1765 3
1766 3
1767 6
1768 4
1769 1
1770 2
1771 3
1772 3
1773 2
1774 4
1775 4
1776 2
1777 1
1778 2
1779 1
1780 4
1782 2
1783 3
1786 1
1788 2
1791 1
1792 1
1793 1
1796 2
1797 1
1801 1
1805 2
1806 1
1810 1
1819 1
1820 1
1824 1
1826 1
1829 1
1837 1
2321 1
2322 2
2331 2
2333 1
2335 1
2337 1
2339 1
2340 1
2341 1
2342 1
2345 1
2346 1
2347 2
2348 1
2349 1
2352 1
2354 1
2358 2
2363 2
2369 1
2372 1
2378 1
2385 1
2388 1
2399 1
2419 1
2437 1
2466 1
2478 1
2481 1
2487 1
2491 1
2494 2
2500 1
2502 1
2509 1
2514 1
2525 1
3189 1
3190 1
3203 1
3209 2
3210 1
3216 3
3218 2
3221 1
3225 1
3227 1
3228 1
3229 2
3230 1
3232 2
3233 1
3234 2
3235 4
3236 4
3237 1
3238 2
3239 1
3240 2
3241 1
3242 3
3244 2
3245 4
3246 2
3247 4
3250 2
3251 2
3252 4
3253 3
3254 4
3255 8
3256 1
3257 5
3258 2
3259 2
3260 1
3261 2
3262 2
3263 2
3264 3
3265 5
3266 3
3267 1
3268 2
3269 2
3270 5
3271 4
3272 2
3273 4
3274 4
3275 2
3276 9
3277 3
3278 3
3279 2
3280 2
3281 5
3282 1
3283 5
3284 5
3285 3
3286 6
3287 2
3288 6
3289 3
3290 1
3291 7
3292 3
3293 4
3294 5
3295 6
3296 3
3297 3
3299 1
3300 2
3301 5
3303 1
3304 3
3305 1
3306 2
3307 2
3308 1
3309 2
3310 2
3311 2
3314 1
3315 3
3317 2
3318 2
3319 1
3320 1
3321 4
3322 3
3323 2
3324 1
3325 2
3326 3
3328 4
3329 3
3331 1
3332 2
3333 1
3334 2
3336 1
3337 1
3338 1
3340 4
3344 1
3345 1
3346 2
3348 1
3350 1
3352 1
3353 1
3354 1
3356 5
3358 1
3359 1
3361 1
3366 2
3367 1
3368 1
3369 1
3370 1
3371 3
3372 1
3373 2
3375 1
3376 1
3377 1
3379 2
3382 1
3386 2
3387 1
3389 2
3390 2
3391 3
3392 2
3393 1
3396 1
3397 1
3398 2
3399 1
3407 2
3412 1
3413 1
3417 1
3429 2
3431 2
3433 1
3434 2
3437 2
3441 1
3442 1
3445 1
3446 2
3452 2
3453 1
3454 1
3456 1
3459 1
3460 2
3461 2
3464 1
3467 1
3470 2
3472 1
3473 1
3474 1
3475 3
3477 2
3478 1
3484 1
3485 1
3486 3
3487 1
3488 3
3489 3
3490 1
3492 3
3493 2
3494 6
3495 1
3496 3
3498 4
3499 3
3500 2
3501 5
3502 3
3503 2
3504 7
3505 5
3506 1
3507 7
3508 2
3509 4
3510 4
3511 1
3512 2
3513 2
3514 1
3515 3
3516 9
3517 2
3518 3
3519 5
3520 2
3521 3
3522 4
3523 3
3524 1
3525 4
3526 2
3527 3
3528 3
3529 3
3530 3
3531 5
3532 2
3533 2
3534 1
3535 3
3536 3
3537 2
3538 4
3539 2
3540 1
3541 2
3542 1
3543 3
3544 2
3546 2
3548 2
3549 2
3551 1
3552 5
3553 2
3554 1
3555 4
3556 2
3557 3
3559 1
3560 3
3562 4
3563 2
3564 1
3565 1
3566 3
3567 2
3568 2
3570 1
3571 2
3572 2
3573 3
3574 1
3575 3
3576 1
3577 1
3578 3
3579 6
3580 2
3581 1
3582 2
3583 1
3584 2
3586 3
3587 1
3588 1
3589 2
3590 2
3591 2
3592 3
3593 3
3594 3
3595 4
3596 2
3597 1
3598 1
3600 4
3601 2
3602 3
3603 2
3604 1
3605 2
3606 1
3607 5
3608 4
3609 4
3610 1
3611 4
3613 2
3614 3
3615 4
3617 1
3618 5
3619 1
3620 3
3621 1
3622 5
3623 2
3624 6
3625 4
3626 4
3627 3
3628 4
3629 5
3630 2
3631 6
3632 5
3633 3
3634 3
3635 1
3636 2
3637 5
3638 4
3639 1
3640 4
3641 5
3642 6
3643 4
3644 9
3645 4
3646 4
3647 2
3648 10
3649 3
3650 4
3651 4
3652 4
3653 3
3654 1
3655 9
3656 4
3658 3
3659 4
3660 1
3661 1
3662 3
3663 5
3664 1
3665 5
3666 3
3667 4
3668 4
3669 3
3670 2
3671 2
3672 3
3673 3
3674 6
3675 3
3676 3
3678 3
3679 4
3680 1
3681 2
3682 2
3683 9
3684 3
3685 5
3687 2
3688 6
3689 4
3690 2
3691 3
3692 6
3693 2
3694 2
3695 5
3696 2
3697 5
3699 2
3700 1
3701 1
3703 3
3704 4
3705 3
3706 2
3714 1
3716 1
3719 1
3728 2
3730 1
3731 2
3732 2
3733 1
3734 1
3739 4
3742 1
3743 1
3745 1
3749 2
3751 1
3755 2
3756 2
3757 1
3759 1
3760 1
3764 1
3765 3
3767 1
3772 1
3773 1
3775 1
3777 1
3781 1
3782 2
3785 1
3786 1
3788 1
3789 1
3792 1
3793 1
3797 2
3800 1
3807 2
3808 1
3809 2
3810 1
3811 1
3818 1
3820 3
3821 1
3824 1
3838 1
3844 1
3855 1
3862 1
3894 1
3904 1
3906 1
3935 1
3946 2
3948 1
3952 1
3956 1
3957 1
3969 1
3971 2
3973 1
3977 1
3979 1
3981 1
3982 1
3984 2
3985 1
3988 1
3989 1
3990 1
3991 1
3994 1
4000 1
4001 1
4004 2
4009 2
4010 1
4011 3
4012 1
4013 1
4014 2
4016 1
4018 1
4021 1
4031 2
4041 1
