1 20300085
2 990441
3 101898
4 28647
5 14275
6 7881
7 5552
8 3699
9 2561
10 1850
11 1571
12 1145
13 941
14 621
15 722
16 495
17 340
18 290
19 226
20 180
21 155
22 117
23 121
24 107
25 109
26 71
27 62
28 35
29 36
30 47
31 46
32 37
33 43
34 35
35 55
36 52
37 91
38 119
39 123
40 120
41 87
42 104
43 91
44 121
45 141
46 153
47 134
48 149
49 172
50 153
51 215
52 265
53 317
54 335
55 372
56 359
57 393
58 492
59 546
60 553
61 554
62 673
63 775
64 829
65 858
66 1007
67 985
68 1038
69 1137
70 1174
71 1275
72 1298
73 1353
74 1417
75 1499
76 1599
77 1678
78 1781
79 1797
80 1872
81 1997
82 2070
83 2251
84 2524
85 2714
86 2807
87 3131
88 3371
89 3691
90 3847
91 4198
92 4397
93 4939
94 5488
95 6064
96 6784
97 7680
98 8675
99 9764
100 11068
101 12359
102 13789
103 15158
104 17191
105 19050
106 21406
107 23802
108 26494
109 29158
110 31681
111 34767
112 37913
113 42102
114 45227
115 48499
116 52177
117 56020
118 60723
119 63499
120 66870
121 70209
122 73364
123 77936
124 81086
125 83806
126 86411
127 87651
128 90065
129 91592
130 92325
131 92689
132 93512
133 93181
134 92626
135 91984
136 91861
137 90211
138 88174
139 86770
140 85172
141 82278
142 79573
143 75691
144 73080
145 69621
146 66260
147 63034
148 59248
149 55874
150 52398
151 48604
152 45619
153 42247
154 39052
155 36010
156 33221
157 30615
158 28118
159 25696
160 23314
161 21475
162 19812
163 17826
164 16094
165 14524
166 12909
167 11648
168 10484
169 9500
170 8512
171 7393
172 6648
173 5977
174 5242
175 4772
176 4299
177 3764
178 3370
179 2923
180 2653
181 2376
182 2143
183 1911
184 1706
185 1530
186 1369
187 1133
188 1052
189 987
190 826
191 783
192 730
193 699
194 610
195 609
196 561
197 506
198 503
199 462
200 374
201 342
202 345
203 318
204 271
205 322
206 306
207 262
208 240
209 215
210 223
211 196
212 163
213 126
214 150
215 162
216 141
217 217
218 200
219 209
220 195
221 205
222 215
223 234
224 223
225 270
226 256
227 267
228 272
229 266
230 298
231 295
232 344
233 268
234 293
235 308
236 309
237 316
238 358
239 324
240 391
241 368
242 330
243 348
244 403
245 385
246 392
247 429
248 364
249 384
250 435
251 405
252 421
253 425
254 424
255 454
256 467
257 447
258 453
259 414
260 456
261 423
262 442
263 436
264 440
265 429
266 400
267 397
268 393
269 367
270 362
271 346
272 330
273 324
274 340
275 366
276 331
277 301
278 311
279 306
280 305
281 275
282 305
283 350
284 300
285 297
286 266
287 289
288 275
289 268
290 245
291 217
292 211
293 234
294 210
295 173
296 179
297 200
298 194
299 178
300 188
301 176
302 163
303 174
304 158
305 136
306 127
307 128
308 129
309 96
310 98
311 109
312 90
313 105
314 106
315 100
316 97
317 123
318 116
319 105
320 105
321 107
322 120
323 116
324 121
325 110
326 142
327 117
328 134
329 112
330 120
331 121
332 124
333 115
334 124
335 102
336 112
337 95
338 118
339 98
340 103
341 113
342 105
343 110
344 104
345 75
346 106
347 86
348 88
349 87
350 76
351 109
352 106
353 81
354 107
355 104
356 88
357 95
358 95
359 102
360 92
361 108
362 113
363 103
364 108
365 114
366 137
367 123
368 122
369 106
370 129
371 97
372 104
373 105
374 102
375 96
376 105
377 114
378 104
379 98
380 97
381 115
382 114
383 121
384 94
385 134
386 115
387 132
388 124
389 142
390 124
391 117
392 117
393 121
394 91
395 91
396 102
397 101
398 84
399 94
400 102
401 93
402 87
403 100
404 109
405 100
406 85
407 80
408 104
409 84
410 89
411 100
412 81
413 73
414 76
415 84
416 87
417 83
418 105
419 94
420 108
421 111
422 107
423 112
424 100
425 107
426 99
427 96
428 94
429 76
430 86
431 87
432 110
433 91
434 81
435 65
436 70
437 61
438 56
439 49
440 51
441 42
442 71
443 57
444 44
445 44
446 46
447 48
448 46
449 47
450 61
451 38
452 34
453 42
454 33
455 47
456 31
457 37
458 40
459 30
460 24
461 39
462 33
463 26
464 31
465 22
466 27
467 28
468 19
469 26
470 20
471 28
472 23
473 24
474 23
475 18
476 16
477 17
478 17
479 8
480 13
481 7
482 13
483 9
484 16
485 5
486 12
487 15
488 12
489 9
490 16
491 10
492 18
493 30
494 21
495 22
496 23
497 33
498 36
499 13
500 28
501 22
502 21
503 24
504 24
505 31
506 27
507 26
508 24
509 28
510 23
511 13
512 23
513 29
514 35
515 27
516 11
517 13
518 22
519 17
520 22
521 15
522 16
523 12
524 15
525 23
526 27
527 20
528 21
529 23
530 23
531 26
532 20
533 19
534 23
535 23
536 19
537 19
538 12
539 20
540 12
541 9
542 16
543 9
544 17
545 11
546 14
547 8
548 11
549 15
550 14
551 17
552 12
553 17
554 20
555 20
556 26
557 20
558 20
559 20
560 17
561 22
562 11
563 19
564 15
565 27
566 24
567 21
568 23
569 34
570 31
571 40
572 36
573 36
574 42
575 28
576 47
577 35
578 38
579 38
580 40
581 37
582 35
583 46
584 34
585 32
586 36
587 31
588 25
589 31
590 42
591 37
592 37
593 30
594 36
595 42
596 36
597 43
598 47
599 34
600 37
601 51
602 42
603 56
604 43
605 48
606 46
607 49
608 48
609 53
610 62
611 58
612 77
613 68
614 62
615 67
616 50
617 71
618 57
619 54
620 66
621 66
622 60
623 70
624 69
625 70
626 66
627 62
628 60
629 74
630 63
631 63
632 72
633 81
634 63
635 71
636 73
637 58
638 55
639 55
640 53
641 43
642 44
643 73
644 60
645 54
646 48
647 50
648 51
649 44
650 41
651 50
652 40
653 50
654 35
655 50
656 55
657 45
658 69
659 47
660 48
661 51
662 57
663 48
664 39
665 40
666 36
667 46
668 42
669 43
670 42
671 40
672 50
673 47
674 51
675 46
676 53
677 42
678 55
679 45
680 42
681 52
682 34
683 53
684 50
685 51
686 45
687 48
688 54
689 50
690 44
691 52
692 44
693 30
694 32
695 37
696 48
697 28
698 41
699 36
700 38
701 30
702 36
703 33
704 33
705 18
706 19
707 25
708 22
709 27
710 14
711 19
712 27
713 24
714 22
715 23
716 17
717 25
718 23
719 24
720 29
721 21
722 16
723 32
724 23
725 26
726 24
727 32
728 18
729 29
730 16
731 17
732 11
733 17
734 16
735 16
736 17
737 19
738 19
739 16
740 13
741 10
742 21
743 25
744 21
745 21
746 32
747 21
748 27
749 28
750 27
751 25
752 15
753 19
754 19
755 14
756 16
757 11
758 12
759 16
760 13
761 13
762 12
763 13
764 9
765 12
766 6
767 7
768 8
769 9
770 4
771 7
772 10
773 6
774 7
775 12
776 7
777 5
778 6
779 9
780 7
781 7
782 6
783 2
784 4
785 6
786 7
787 6
788 4
789 6
790 5
791 10
792 11
793 4
794 5
795 7
796 7
797 4
798 8
799 11
800 8
801 7
802 8
803 8
804 18
805 8
806 8
807 7
808 5
809 5
810 5
811 6
812 8
813 3
814 7
815 5
816 4
817 5
818 2
819 2
820 4
821 6
822 5
823 3
824 8
825 5
826 7
827 8
828 7
829 7
830 4
831 5
832 6
833 6
834 5
835 5
836 4
837 8
838 7
839 12
840 4
841 4
842 3
843 10
844 4
845 2
846 4
847 5
848 2
849 4
850 5
851 3
852 4
853 5
854 5
855 3
856 1
857 3
858 6
859 6
860 3
861 8
862 5
863 4
864 6
865 8
866 6
867 8
868 9
869 9
870 7
871 8
872 7
873 4
874 3
875 6
876 4
877 4
878 6
879 1
880 6
881 6
883 3
884 4
886 1
887 2
888 1
889 3
890 4
891 3
892 7
893 2
894 8
895 2
896 5
897 7
898 5
899 4
900 2
901 7
902 7
903 3
904 4
905 2
906 4
907 4
908 5
910 2
911 2
912 3
913 5
914 4
915 5
916 7
917 1
918 4
919 7
920 2
921 3
922 4
923 5
924 6
925 5
926 3
927 1
928 7
929 3
930 4
931 4
932 4
933 3
934 4
935 3
936 2
937 6
938 5
939 1
940 5
941 5
942 7
943 2
944 4
945 4
946 4
947 5
948 3
949 3
950 2
951 6
952 3
953 3
954 3
955 9
956 9
957 8
958 3
959 5
960 3
961 6
962 1
963 3
964 3
965 3
966 4
967 6
968 7
969 4
970 3
971 7
972 7
973 2
974 8
975 2
976 10
977 6
978 6
979 13
980 9
981 7
982 2
983 4
984 6
985 4
986 4
987 6
988 3
989 10
990 7
991 2
992 7
993 7
994 3
995 6
996 5
997 10
998 4
999 8
1000 9
1001 5
1002 7
1003 12
1004 4
1005 11
1006 6
1007 5
1008 8
1009 16
1010 13
1011 19
1012 13
1013 14
1014 16
1015 13
1016 10
1017 10
1018 17
1019 8
1020 18
1021 11
1022 12
1023 8
1024 14
1025 9
1026 10
1027 9
1028 22
1029 15
1030 19
1031 15
1032 13
1033 10
1034 18
1035 19
1036 14
1037 13
1038 11
1039 20
1040 17
1041 9
1042 16
1043 14
1044 12
1045 19
1046 21
1047 21
1048 14
1049 17
1050 21
1051 18
1052 9
1053 14
1054 22
1055 16
1056 22
1057 23
1058 20
1059 19
1060 18
1061 21
1062 24
1063 14
1064 18
1065 17
1066 21
1067 15
1068 24
1069 14
1070 18
1071 9
1072 11
1073 9
1074 9
1075 9
1076 10
1077 7
1078 6
1079 5
1080 6
1081 7
1082 9
1083 2
1084 1
1085 6
1086 9
1087 5
1088 2
1089 4
1090 4
1091 4
1092 6
1094 10
1095 4
1096 3
1097 4
1098 5
1099 7
1100 4
1101 3
1102 12
1103 9
1104 5
1105 9
1106 11
1107 7
1108 5
1109 11
1110 5
1111 7
1112 7
1113 11
1114 9
1115 1
1116 11
1117 11
1118 9
1119 8
1120 10
1121 10
1122 5
1123 9
1124 7
1125 3
1126 6
1127 14
1128 6
1129 6
1130 5
1131 9
1132 8
1133 6
1134 9
1135 6
1136 12
1137 9
1138 9
1139 6
1140 8
1141 11
1142 11
1143 2
1144 5
1145 8
1146 10
1147 3
1148 7
1149 11
1150 5
1151 7
1152 3
1153 8
1154 5
1155 9
1156 4
1157 4
1158 7
1159 4
1160 6
1161 3
1162 1
1163 6
1164 5
1165 8
1166 7
1167 4
1168 7
1169 2
1170 4
1171 6
1172 7
1173 9
1174 6
1175 6
1176 5
1177 3
1178 2
1179 3
1180 6
1181 4
1182 3
1183 1
1184 4
1185 3
1186 5
1187 7
1188 3
1189 5
1190 2
1191 5
1192 2
1193 3
1194 2
1195 3
1196 7
1197 4
1198 5
1199 5
1200 6
1201 4
1202 5
1203 3
1204 2
1205 6
1206 7
1207 6
1208 4
1209 3
1210 5
1211 5
1212 6
1213 7
1214 7
1215 5
1216 9
1217 3
1218 4
1219 7
1220 9
1221 7
1222 1
1223 8
1224 7
1225 2
1226 6
1227 3
1228 2
1229 8
1230 6
1231 6
1232 7
1233 3
1234 7
1235 3
1236 6
1237 7
1238 5
1239 7
1240 6
1241 2
1242 3
1243 6
1244 6
1245 5
1246 1
1247 4
1248 3
1249 2
1250 1
1252 4
1253 5
1254 7
1255 2
1256 2
1257 1
1259 1
1260 4
1261 2
1262 2
1263 1
1264 5
1265 4
1266 4
1267 2
1268 4
1269 3
1270 4
1271 3
1272 4
1273 5
1274 5
1275 3
1276 5
1277 2
1278 8
1279 3
1280 4
1281 4
1282 5
1283 2
1284 6
1285 7
1286 8
1287 1
1288 4
1289 1
1290 1
1291 3
1292 1
1293 2
1294 5
1295 3
1296 4
1297 2
1298 2
1300 2
1301 1
1302 2
1303 5
1304 2
1305 3
1306 3
1307 3
1308 3
1309 1
1310 4
1311 4
1312 2
1313 2
1314 3
1315 4
1316 2
1317 2
1318 1
1319 3
1320 2
1321 3
1322 5
1323 2
1324 1
1325 6
1326 1
1327 6
1329 4
1330 4
1331 2
1332 4
1334 2
1335 3
1336 5
1337 3
1338 4
1339 1
1340 2
1341 1
1342 1
1343 3
1344 1
1345 1
1346 3
1347 1
1348 3
1350 1
1351 2
1353 5
1354 2
1356 2
1357 1
1358 2
1361 1
1365 2
1366 2
1402 1
1406 1
1408 1
1422 1
1427 1
1428 1
1429 4
1431 1
1432 2
1433 3
1434 1
1437 1
1444 1
1447 1
1448 2
1449 1
1453 1
1458 2
1460 2
1461 2
1463 4
1465 2
1467 2
1469 1
1470 1
1472 1
1473 2
1474 1
1475 1
1476 2
1477 3
1481 2
1486 1
1493 2
1498 2
1500 2
1501 1
1508 1
1513 2
1514 1
1515 1
1517 1
1518 2
1520 2
1521 1
1522 3
1523 1
1524 1
1525 1
1526 1
1528 1
1529 1
1530 1
1531 3
1534 1
1535 1
1538 2
1539 1
1542 1
1543 2
1545 3
1547 1
1551 2
1552 2
1554 2
1555 1
1559 1
1560 1
1562 1
1563 3
1564 1
1569 2
1570 2
1571 3
1572 2
1578 1
1579 1
1581 1
1584 2
1586 2
1587 1
1595 1
1598 2
1604 1
1607 1
1609 1
1611 1
1615 1
1623 1
1625 1
2103 1
2106 1
2159 1
2168 1
2212 1
2244 1
2248 1
2528 1
