1 7660961
2 208885
3 24606
4 9612
5 5866
6 3492
7 2419
8 1652
9 1225
10 783
11 594
12 412
13 309
14 305
15 173
16 134
17 71
18 78
19 92
20 73
21 70
22 75
23 115
24 131
25 135
26 166
27 147
28 151
29 165
30 158
31 237
32 301
33 342
34 453
35 524
36 609
37 722
38 861
39 901
40 1084
41 1053
42 1176
43 1483
44 1440
45 1699
46 1932
47 2227
48 2458
49 2720
50 3145
51 3612
52 4043
53 4723
54 5228
55 6197
56 7281
57 8730
58 10199
59 12243
60 14740
61 17586
62 20627
63 24262
64 28237
65 32659
66 37916
67 43753
68 50321
69 57643
70 64294
71 71347
72 78668
73 85917
74 93628
75 100737
76 108009
77 113342
78 119940
79 124140
80 126510
81 129539
82 132252
83 132593
84 132565
85 130324
86 127523
87 124504
88 120678
89 116405
90 110327
91 104755
92 98316
93 91550
94 85229
95 78671
96 72132
97 65851
98 59354
99 53042
100 47126
101 41966
102 37111
103 32654
104 28719
105 24457
106 21553
107 18723
108 15914
109 13610
110 11642
111 10061
112 8525
113 7072
114 5987
115 4960
116 4197
117 3656
118 2933
119 2394
120 1911
121 1502
122 1347
123 1144
124 965
125 811
126 730
127 608
128 535
129 441
130 402
131 359
132 367
133 316
134 312
135 336
136 315
137 288
138 314
139 301
140 341
141 312
142 345
143 330
144 350
145 367
146 374
147 430
148 446
149 478
150 498
151 619
152 594
153 585
154 636
155 624
156 580
157 680
158 698
159 684
160 685
161 673
162 626
163 667
164 649
165 645
166 683
167 654
168 671
169 683
170 690
171 641
172 547
173 558
174 608
175 577
176 576
177 528
178 586
179 583
180 517
181 503
182 454
183 441
184 414
185 391
186 352
187 358
188 345
189 322
190 278
191 289
192 289
193 229
194 242
195 230
196 267
197 231
198 222
199 236
200 220
201 157
202 163
203 178
204 164
205 157
206 189
207 192
208 171
209 152
210 117
211 167
212 168
213 169
214 171
215 175
216 193
217 193
218 226
219 170
220 204
221 203
222 243
223 217
224 227
225 194
226 201
227 220
228 188
229 202
230 213
231 216
232 189
233 224
234 204
235 211
236 205
237 207
238 207
239 161
240 202
241 153
242 181
243 199
244 200
245 193
246 174
247 169
248 149
249 132
250 124
251 121
252 125
253 128
254 131
255 99
256 114
257 115
258 101
259 115
260 99
261 107
262 94
263 105
264 74
265 89
266 100
267 95
268 96
269 87
270 107
271 81
272 89
273 92
274 79
275 59
276 71
277 83
278 65
279 69
280 61
281 54
282 53
283 59
284 73
285 62
286 65
287 51
288 61
289 67
290 46
291 45
292 33
293 43
294 35
295 37
296 31
297 26
298 25
299 28
300 26
301 31
302 20
303 38
304 29
305 24
306 25
307 36
308 24
309 37
310 29
311 27
312 27
313 24
314 26
315 24
316 18
317 27
318 38
319 30
320 40
321 27
322 42
323 46
324 45
325 72
326 50
327 59
328 55
329 48
330 55
331 34
332 34
333 40
334 33
335 41
336 43
337 40
338 25
339 25
340 35
341 38
342 44
343 45
344 31
345 46
346 49
347 36
348 43
349 33
350 34
351 33
352 34
353 38
354 44
355 34
356 43
357 51
358 49
359 29
360 50
361 43
362 49
363 41
364 45
365 39
366 44
367 49
368 39
369 52
370 43
371 52
372 60
373 52
374 52
375 49
376 46
377 37
378 40
379 47
380 39
381 52
382 41
383 59
384 56
385 53
386 53
387 61
388 40
389 39
390 47
391 46
392 57
393 67
394 59
395 54
396 50
397 53
398 51
399 39
400 55
401 57
402 74
403 71
404 65
405 82
406 88
407 68
408 70
409 75
410 65
411 80
412 76
413 65
414 66
415 74
416 75
417 90
418 80
419 81
420 105
421 81
422 73
423 90
424 83
425 110
426 80
427 79
428 67
429 68
430 69
431 81
432 78
433 82
434 73
435 94
436 89
437 100
438 87
439 76
440 71
441 69
442 75
443 62
444 64
445 69
446 65
447 61
448 56
449 61
450 58
451 49
452 43
453 72
454 51
455 75
456 58
457 67
458 50
459 60
460 52
461 49
462 30
463 30
464 37
465 47
466 35
467 43
468 35
469 42
470 33
471 40
472 35
473 40
474 28
475 30
476 30
477 28
478 21
479 20
480 16
481 20
482 11
483 19
484 21
485 18
486 20
487 19
488 23
489 23
490 25
491 16
492 28
493 28
494 20
495 13
496 16
497 17
498 13
499 18
500 11
501 11
502 13
503 13
504 9
505 10
506 19
507 8
508 16
509 14
510 2
511 12
512 15
513 11
514 14
515 9
516 14
517 17
518 11
519 15
520 14
521 13
522 24
523 18
524 23
525 18
526 17
527 14
528 18
529 10
530 18
531 9
532 9
533 13
534 14
535 19
536 28
537 6
538 17
539 23
540 14
541 12
542 7
543 7
544 6
545 10
546 8
547 11
548 6
549 10
550 9
551 12
552 12
553 7
554 14
555 14
556 16
557 6
558 12
559 1
560 12
561 5
562 6
563 6
564 5
565 3
566 6
567 5
568 2
569 5
570 4
571 5
572 3
573 5
574 4
575 4
576 2
577 5
578 1
579 6
580 2
581 4
582 7
583 2
584 5
585 7
586 4
587 13
588 8
589 19
590 13
591 5
592 10
593 9
594 12
595 17
596 7
597 13
598 16
599 14
600 20
601 13
602 13
603 19
604 17
605 16
606 12
607 11
608 11
609 12
610 14
611 12
612 7
613 14
614 11
615 11
616 14
617 15
618 17
619 14
620 11
621 14
622 18
623 15
624 22
625 16
626 24
627 19
628 17
629 17
630 18
631 16
632 19
633 14
634 18
635 20
636 21
637 21
638 23
639 22
640 25
641 16
642 14
643 18
644 12
645 13
646 17
647 19
648 21
649 20
650 24
651 20
652 22
653 22
654 28
655 27
656 12
657 10
658 17
659 15
660 14
661 6
662 16
663 11
664 17
665 19
666 21
667 12
668 17
669 13
670 16
671 7
672 8
673 9
674 10
675 18
676 14
677 24
678 13
679 17
680 13
681 20
682 10
683 17
684 11
685 14
686 12
687 12
688 11
689 17
690 14
691 16
692 12
693 10
694 10
695 7
696 6
697 14
698 6
699 8
700 14
701 16
702 3
703 14
704 15
705 14
706 18
707 11
708 15
709 14
710 11
711 15
712 15
713 20
714 10
715 18
716 8
717 17
718 9
719 10
720 12
721 12
722 5
723 4
724 12
725 3
726 9
727 7
728 10
729 5
730 8
731 8
732 5
733 13
734 2
735 8
736 3
737 3
738 7
739 6
740 11
741 7
742 9
743 7
744 11
745 7
746 9
747 7
748 11
749 9
750 12
751 3
752 8
753 3
754 9
755 6
756 3
757 7
758 8
759 9
760 8
761 5
762 4
763 6
764 12
765 12
766 13
767 13
768 14
769 16
770 15
771 10
772 11
773 20
774 14
775 12
776 16
777 15
778 11
779 19
780 15
781 9
782 12
783 10
784 14
785 10
786 12
787 10
788 7
789 7
790 6
791 7
792 8
793 16
794 8
795 6
796 8
797 8
798 4
799 3
800 13
801 9
802 4
803 1
804 2
805 7
806 2
807 5
808 4
809 6
810 8
811 6
812 2
813 3
814 3
815 4
816 5
817 4
818 4
819 2
820 1
821 2
822 1
823 2
824 4
825 5
826 1
828 1
829 2
830 4
832 2
833 2
834 1
835 3
836 2
837 2
838 1
839 2
840 3
841 4
842 1
843 2
844 2
846 1
847 7
848 2
849 3
850 1
853 1
854 2
855 2
856 3
857 3
858 2
859 3
861 3
862 1
863 1
864 1
865 1
866 2
867 2
868 5
869 1
871 1
873 3
874 4
875 3
876 2
877 2
878 1
879 3
880 2
881 1
882 2
883 3
885 1
886 2
887 3
888 1
889 2
890 2
891 1
893 1
894 1
897 2
898 3
899 2
900 1
902 1
907 2
908 1
909 1
910 1
911 2
912 1
913 3
915 1
916 1
917 4
918 2
919 1
920 2
921 2
922 2
923 3
924 1
925 1
928 2
974 1
977 1
978 1
1035 1
1039 1
1043 1
1047 1
1053 1
1056 2
1062 1
1231 1
1242 1
1265 1
1276 1
1300 1
1318 1
1324 1
5068 1
